"Rsid"	"10_EnhA2"	"11_EnhWk"	"12_ZNF/Rpts"	"13_Het"	"14_TssBiv"	"15_EnhBiv"	"16_ReprPC"	"17_ReprPCWk"	"18_Quies"	"1_TssA"	"2_TssFlnk"	"3_TssFlnkU"	"4_TssFlnkD"	"5_Tx"	"6_TxWk"	"7_EnhG1"	"8_EnhG2"	"9_EnhA1"
"rs1000535"	1	13	0	0	0	5	3	8	55	0	0	0	0	0	11	0	0	2
"rs1000536"	1	13	0	0	0	5	3	8	55	0	0	0	0	0	11	0	0	2
"rs1008125"	3	3	0	0	0	0	1	9	62	0	0	0	0	0	17	0	0	3
"rs10095449"	0	0	0	0	0	0	0	0	5	0	0	0	0	0	93	0	0	0
"rs10114333"	0	0	0	1	0	0	0	6	66	0	0	0	0	1	24	0	0	0
"rs10116886"	1	6	0	1	0	0	0	3	84	0	0	0	0	0	3	0	0	0
"rs10125950"	0	0	0	0	0	0	0	3	87	0	0	0	0	0	8	0	0	0
"rs10126561"	0	0	0	9	0	0	0	2	87	0	0	0	0	0	0	0	0	0
"rs10127183"	0	0	0	7	0	0	0	4	87	0	0	0	0	0	0	0	0	0
"rs10130820"	0	0	0	8	0	0	0	1	88	0	0	0	0	0	1	0	0	0
"rs10131958"	2	8	0	0	0	0	0	7	73	0	0	4	0	0	3	0	0	1
"rs10132515"	0	0	0	7	0	0	0	0	91	0	0	0	0	0	0	0	0	0
"rs1013379"	0	0	1	15	0	0	0	2	80	0	0	0	0	0	0	0	0	0
"rs1013381"	0	0	1	17	0	0	0	2	78	0	0	0	0	0	0	0	0	0
"rs10134228"	0	3	0	3	0	0	0	0	92	0	0	0	0	0	0	0	0	0
"rs10135298"	0	0	0	9	0	0	0	0	89	0	0	0	0	0	0	0	0	0
"rs10143261"	2	8	0	0	0	0	0	7	75	0	0	3	0	0	2	0	0	1
"rs10148298"	0	0	0	1	0	0	0	5	88	0	0	0	0	0	4	0	0	0
"rs10163523"	2	18	0	0	0	0	0	1	15	0	0	1	0	0	47	4	1	9
"rs10165537"	0	0	0	0	0	0	0	2	39	0	0	0	0	35	22	0	0	0
"rs10166581"	11	23	0	0	0	0	0	4	3	0	0	5	0	0	39	0	0	13
"rs10168472"	0	0	0	0	0	0	0	10	88	0	0	0	0	0	0	0	0	0
"rs10169019"	0	0	1	8	0	0	0	0	89	0	0	0	0	0	0	0	0	0
"rs10170172"	0	2	0	7	0	0	0	1	87	0	0	0	0	0	1	0	0	0
"rs10171487"	0	0	0	3	0	0	0	0	95	0	0	0	0	0	0	0	0	0
"rs1017365"	1	1	0	1	0	5	3	5	82	0	0	0	0	0	0	0	0	0
"rs10174123"	0	0	0	3	0	0	0	0	95	0	0	0	0	0	0	0	0	0
"rs10174696"	0	0	1	8	0	0	0	0	89	0	0	0	0	0	0	0	0	0
"rs10176791"	0	0	0	3	0	0	0	0	95	0	0	0	0	0	0	0	0	0
"rs10178491"	0	0	0	0	0	0	0	18	80	0	0	0	0	0	0	0	0	0
"rs10183739"	3	0	0	5	0	0	0	4	84	0	0	0	0	0	2	0	0	0
"rs10184527"	1	0	0	0	0	0	0	0	73	0	0	0	0	1	23	0	0	0
"rs10187155"	0	0	0	0	0	0	0	0	95	0	0	0	0	0	3	0	0	0
"rs10187872"	0	2	0	0	0	0	0	5	57	0	0	0	0	0	34	0	0	0
"rs10188106"	0	0	0	2	0	0	0	5	83	0	0	0	0	0	8	0	0	0
"rs10190324"	0	14	0	0	0	1	0	16	57	0	0	6	2	0	0	0	0	2
"rs10191057"	0	8	0	0	0	0	0	0	1	0	1	0	0	3	84	1	0	0
"rs10191120"	1	7	0	0	0	0	0	0	7	0	0	0	0	1	82	0	0	0
"rs10193063"	5	6	0	0	0	0	0	3	27	0	0	0	0	13	39	4	0	1
"rs10193074"	0	0	4	22	0	0	0	0	71	0	0	0	0	0	1	0	0	0
"rs10196821"	0	0	1	8	0	0	0	0	89	0	0	0	0	0	0	0	0	0
"rs10199613"	0	0	6	38	0	0	0	0	54	0	0	0	0	0	0	0	0	0
"rs10200086"	0	0	0	0	0	0	0	25	65	0	0	1	0	0	1	0	0	6
"rs10200192"	2	0	0	0	0	0	0	0	35	0	0	0	0	16	42	3	0	0
"rs10201640"	0	0	4	40	0	0	0	0	54	0	0	0	0	0	0	0	0	0
"rs10203064"	0	4	0	0	0	0	0	1	49	0	0	0	0	4	39	1	0	0
"rs10209953"	0	0	0	0	0	0	0	34	64	0	0	0	0	0	0	0	0	0
"rs10210252"	0	0	6	0	0	0	0	0	2	0	0	0	0	68	21	1	0	0
"rs1021088"	0	0	0	0	0	0	0	3	91	0	0	0	0	0	4	0	0	0
"rs10211670"	1	7	0	8	0	0	2	17	58	0	1	0	0	0	4	0	0	0
"rs10219353"	1	0	0	0	0	0	0	4	84	0	0	0	0	0	9	0	0	0
"rs10227645"	1	4	0	0	0	0	0	1	84	0	0	0	0	0	6	0	0	2
"rs10229210"	1	1	0	3	0	0	0	0	93	0	0	0	0	0	0	0	0	0
"rs10236169"	0	0	0	2	0	0	0	1	94	0	0	0	0	0	1	0	0	0
"rs10238411"	1	0	0	1	0	0	0	0	95	0	0	0	0	0	1	0	0	0
"rs10241646"	0	0	0	10	0	0	0	0	82	0	0	0	0	0	6	0	0	0
"rs10245007"	0	1	0	0	0	0	0	0	95	0	0	0	0	0	2	0	0	0
"rs10250287"	1	4	0	1	0	0	0	0	91	0	0	0	0	0	1	0	0	0
"rs10256660"	1	3	0	0	0	0	0	1	86	0	0	0	0	0	5	0	0	2
"rs10259706"	0	0	3	20	0	0	0	3	71	0	0	0	0	0	1	0	0	0
"rs10261478"	1	1	0	0	0	0	0	0	94	0	0	0	0	0	2	0	0	0
"rs10263494"	0	0	0	1	0	0	0	1	96	0	0	0	0	0	0	0	0	0
"rs10263744"	1	4	0	1	0	0	0	0	91	0	0	0	0	0	1	0	0	0
"rs10277195"	1	1	0	0	0	0	0	4	89	0	0	0	0	0	3	0	0	0
"rs1033302"	0	4	0	7	0	0	0	6	71	7	1	1	1	0	0	0	0	0
"rs10427302"	0	0	0	0	0	0	16	48	34	0	0	0	0	0	0	0	0	0
"rs10442482"	0	0	0	11	0	0	0	9	78	0	0	0	0	0	0	0	0	0
"rs10459513"	0	3	0	0	0	0	2	47	39	0	0	0	0	0	7	0	0	0
"rs10468158"	0	0	16	37	0	0	0	0	45	0	0	0	0	0	0	0	0	0
"rs10493332"	0	0	0	0	0	0	0	9	88	0	0	0	0	0	1	0	0	0
"rs10498300"	0	2	1	15	0	0	0	1	79	0	0	0	0	0	0	0	0	0
"rs10514779"	0	0	0	1	0	0	5	51	41	0	0	0	0	0	0	0	0	0
"rs10523255"	5	36	0	0	1	0	0	0	30	0	0	2	1	0	8	0	0	15
"rs10532537"	0	1	0	0	0	0	0	4	76	0	0	0	0	1	16	0	0	0
"rs10586135"	0	0	0	0	0	0	0	0	98	0	0	0	0	0	0	0	0	0
"rs10626448"	0	0	0	0	0	0	0	1	94	0	0	0	0	0	3	0	0	0
"rs10678727"	1	5	0	0	0	0	2	37	19	0	0	0	0	0	34	0	0	0
"rs10694160"	2	7	1	3	0	1	2	20	59	0	0	0	0	0	2	0	0	1
"rs10714312"	0	0	0	0	0	0	0	0	98	0	0	0	0	0	0	0	0	0
"rs10714746"	0	0	1	17	0	0	0	2	78	0	0	0	0	0	0	0	0	0
"rs10735568"	0	1	0	0	0	0	0	2	82	0	0	0	0	0	13	0	0	0
"rs10739297"	0	1	1	1	0	0	0	3	84	0	0	0	0	0	8	0	0	0
"rs10739298"	0	0	0	0	0	0	0	11	62	0	0	0	0	12	13	0	0	0
"rs10739299"	0	0	0	0	0	0	0	11	62	0	0	0	0	12	13	0	0	0
"rs10759421"	0	0	0	0	0	0	0	3	92	0	0	0	0	0	3	0	0	0
"rs10759430"	0	0	0	1	0	0	0	6	66	0	0	0	0	8	17	0	0	0
"rs10769677"	0	0	0	1	0	0	10	52	32	0	0	0	0	0	3	0	0	0
"rs10782195"	1	8	0	0	0	0	0	2	83	0	0	0	0	0	3	0	0	1
"rs10790449"	0	8	0	0	0	0	0	6	16	0	0	0	0	25	39	0	0	4
"rs1079974"	0	0	1	7	0	0	0	29	58	0	0	0	0	0	3	0	0	0
"rs1079975"	0	0	0	6	0	0	1	28	59	0	0	0	0	0	4	0	0	0
"rs10816987"	0	0	1	1	0	0	0	3	85	0	0	0	0	0	8	0	0	0
"rs10816989"	0	1	1	1	0	0	0	3	84	0	0	0	0	0	8	0	0	0
"rs10816991"	0	0	0	0	0	0	0	3	92	0	0	0	0	0	3	0	0	0
"rs10817010"	0	0	4	6	0	0	0	5	64	0	0	0	0	0	19	0	0	0
"rs10817011"	0	0	4	6	0	0	0	5	64	0	0	0	0	0	19	0	0	0
"rs10823605"	0	2	0	1	0	0	3	10	58	0	0	0	0	5	16	3	0	0
"rs10823606"	0	3	0	1	0	1	2	10	57	0	0	0	0	5	16	3	0	0
"rs10823607"	7	11	0	0	0	0	3	10	42	0	0	0	0	2	18	1	3	1
"rs10828641"	0	7	0	1	0	0	0	8	53	0	0	0	0	1	28	0	0	0
"rs10828642"	0	7	0	1	0	0	0	8	53	0	0	0	0	1	28	0	0	0
"rs10828643"	0	7	0	1	0	0	0	8	53	0	0	0	0	1	28	0	0	0
"rs10828644"	0	2	0	0	0	0	3	6	60	0	0	0	0	0	27	0	0	0
"rs10839537"	0	0	1	3	0	0	1	60	30	0	0	0	0	0	3	0	0	0
"rs10850885"	0	0	1	13	0	0	1	16	61	0	0	0	0	0	6	0	0	0
"rs10852830"	1	10	0	5	0	0	3	21	43	0	0	0	0	0	12	0	0	3
"rs10871774"	0	1	0	1	0	0	4	31	60	0	0	0	0	0	1	0	0	0
"rs10873002"	0	0	0	7	0	0	0	0	88	0	0	0	0	0	3	0	0	0
"rs10889199"	0	0	0	10	0	0	0	3	85	0	0	0	0	0	0	0	0	0
"rs10892761"	1	4	0	0	0	0	1	8	11	0	0	0	0	41	30	2	0	0
"rs10892762"	1	10	0	0	0	0	0	5	15	0	0	0	0	28	35	0	0	4
"rs10892763"	0	0	0	0	0	0	0	9	66	0	0	0	0	0	23	0	0	0
"rs10892764"	0	0	0	0	0	0	0	9	67	0	0	0	0	0	22	0	0	0
"rs10892765"	0	0	0	0	0	0	0	9	67	0	0	0	0	0	22	0	0	0
"rs10892766"	0	0	0	0	0	0	0	9	67	0	0	0	0	0	22	0	0	0
"rs10892767"	0	0	0	0	0	0	0	9	67	0	0	0	0	0	22	0	0	0
"rs10905742"	1	67	0	0	0	0	0	0	1	0	4	0	2	0	22	1	0	0
"rs10905750"	0	11	0	0	0	0	0	0	1	0	1	0	0	1	81	2	0	1
"rs10905856"	6	9	0	0	0	0	0	12	19	0	0	5	1	0	40	0	0	6
"rs10980368"	0	0	0	3	0	0	0	5	68	0	0	0	0	0	22	0	0	0
"rs10980387"	0	0	0	2	0	0	0	11	63	0	0	0	0	1	21	0	0	0
"rs10980398"	0	1	0	0	0	0	0	8	72	0	0	0	0	4	13	0	0	0
"rs10980399"	0	0	0	0	0	0	0	4	75	0	0	0	0	7	12	0	0	0
"rs10980401"	0	0	0	0	0	0	0	4	75	0	0	0	0	7	12	0	0	0
"rs10980402"	0	3	0	0	0	0	0	9	68	0	0	0	0	7	11	0	0	0
"rs10980404"	0	0	0	0	0	0	0	9	70	0	0	0	0	3	16	0	0	0
"rs10980407"	0	0	0	0	0	0	0	13	67	0	0	0	0	6	12	0	0	0
"rs11014062"	1	0	7	2	0	0	0	10	55	0	0	0	0	1	22	0	0	0
"rs11014063"	1	0	7	2	0	0	0	10	55	0	0	0	0	1	22	0	0	0
"rs11014065"	1	0	7	2	0	0	0	10	55	0	0	0	0	1	22	0	0	0
"rs11014066"	0	9	0	1	0	0	0	9	53	0	0	0	0	0	25	1	0	0
"rs11014067"	0	9	0	0	0	0	0	9	56	0	0	0	0	0	23	1	0	0
"rs11014068"	0	9	0	0	0	0	0	9	56	0	0	0	0	0	23	1	0	0
"rs11014070"	0	2	0	0	0	0	1	8	60	0	0	0	0	0	27	0	0	0
"rs11068615"	0	0	0	10	0	0	0	24	61	0	0	0	1	0	2	0	0	0
"rs11069873"	0	0	0	2	0	0	0	29	67	0	0	0	0	0	0	0	0	0
"rs11081103"	0	0	0	15	0	0	0	5	71	0	0	0	0	0	7	0	0	0
"rs11087326"	1	1	0	0	0	0	0	0	7	0	0	0	0	53	36	0	0	0
"rs1108826"	17	25	0	0	0	0	0	1	17	0	0	0	0	0	21	0	0	17
"rs1109632"	0	0	0	0	0	0	0	0	1	0	0	0	0	79	14	4	0	0
"rs1110031"	0	0	0	0	0	0	0	0	53	0	0	0	0	0	45	0	0	0
"rs11123148"	0	1	0	0	0	0	0	5	57	0	0	0	0	0	35	0	0	0
"rs11123149"	0	0	0	0	0	0	0	3	37	0	0	0	0	34	24	0	0	0
"rs111232900"	0	0	0	21	0	0	1	19	57	0	0	0	0	0	0	0	0	0
"rs111284492"	0	0	0	11	0	0	0	15	72	0	0	0	0	0	0	0	0	0
"rs11135036"	0	2	0	0	0	0	2	19	72	0	0	0	0	0	3	0	0	0
"rs111353189"	0	0	1	17	0	0	1	18	61	0	0	0	0	0	0	0	0	0
"rs111353682"	0	0	0	6	0	0	0	17	75	0	0	0	0	0	0	0	0	0
"rs111370655"	0	0	0	9	0	0	1	19	69	0	0	0	0	0	0	0	0	0
"rs111391151"	0	0	9	23	0	0	0	9	56	0	0	0	0	0	1	0	0	0
"rs111407314"	2	1	0	1	0	0	0	5	45	0	0	0	0	1	42	0	0	1
"rs1114285"	0	0	0	1	0	0	0	23	69	0	0	0	0	0	5	0	0	0
"rs111458650"	0	0	0	16	0	0	0	1	81	0	0	0	0	0	0	0	0	0
"rs11148825"	0	0	0	9	0	0	0	0	89	0	0	0	0	0	0	0	0	0
"rs111501360"	0	0	0	7	0	0	0	1	85	0	0	0	0	0	5	0	0	0
"rs11153833"	0	0	0	29	0	0	0	2	67	0	0	0	0	0	0	0	0	0
"rs11153840"	0	0	0	0	0	0	0	1	80	0	0	0	0	0	17	0	0	0
"rs11154981"	5	11	0	0	0	0	0	12	37	1	11	2	4	0	10	0	0	5
"rs111566789"	0	0	0	2	0	0	0	0	94	0	0	0	0	0	2	0	0	0
"rs11157539"	0	0	0	7	0	0	0	0	91	0	0	0	0	0	0	0	0	0
"rs11160788"	0	0	1	15	0	0	0	2	80	0	0	0	0	0	0	0	0	0
"rs11161721"	0	0	0	0	0	0	0	3	94	0	0	0	0	0	1	0	0	0
"rs111722395"	0	0	4	24	0	0	0	17	53	0	0	0	0	0	0	0	0	0
"rs111746189"	0	0	0	0	0	0	0	0	2	0	0	0	0	64	17	14	1	0
"rs111764518"	0	0	0	40	0	0	0	0	48	0	0	0	0	1	8	1	0	0
"rs111769926"	0	0	0	3	0	0	0	18	77	0	0	0	0	0	0	0	0	0
"rs111828037"	0	0	1	16	0	0	1	18	62	0	0	0	0	0	0	0	0	0
"rs1118695"	0	0	0	11	0	0	0	1	86	0	0	0	0	0	0	0	0	0
"rs111873142"	0	1	0	0	0	0	0	0	4	0	0	0	0	17	68	7	1	0
"rs111894395"	1	0	0	0	0	0	0	0	1	0	0	0	0	70	20	5	1	0
"rs111922196"	0	0	0	9	0	0	0	20	69	0	0	0	0	0	0	0	0	0
"rs111922800"	0	0	0	1	0	0	0	3	90	0	0	0	0	0	4	0	0	0
"rs111948930"	0	0	0	11	0	0	0	15	72	0	0	0	0	0	0	0	0	0
"rs112019438"	0	0	0	43	0	0	0	0	54	0	0	0	0	0	1	0	0	0
"rs112042856"	0	0	0	21	0	0	0	9	68	0	0	0	0	0	0	0	0	0
"rs11205451"	0	0	0	5	0	0	2	18	71	0	0	0	0	0	2	0	0	0
"rs11205497"	0	1	0	1	0	0	1	19	76	0	0	0	0	0	0	0	0	0
"rs112111567"	0	0	0	0	0	0	0	0	86	0	0	0	0	0	12	0	0	0
"rs112126008"	0	0	0	23	0	0	1	18	56	0	0	0	0	0	0	0	0	0
"rs112142062"	0	0	4	24	0	0	0	17	53	0	0	0	0	0	0	0	0	0
"rs112152053"	0	0	0	0	0	0	0	10	87	0	0	0	0	0	1	0	0	0
"rs1121593"	0	0	0	4	0	0	1	29	60	0	0	0	0	0	4	0	0	0
"rs11218363"	1	13	0	0	0	0	0	8	10	0	0	0	0	39	25	1	0	1
"rs11218365"	0	0	0	0	0	0	0	10	66	0	0	0	0	0	22	0	0	0
"rs11218366"	1	0	0	0	0	0	0	13	63	1	2	0	0	0	18	0	0	0
"rs11218367"	2	1	0	0	0	0	0	13	63	0	2	0	0	0	17	0	0	0
"rs112184741"	0	0	2	5	0	0	0	0	62	0	0	0	0	1	28	0	0	0
"rs112194918"	0	0	2	14	0	0	0	1	76	0	0	0	0	0	5	0	0	0
"rs112195585"	0	1	9	22	0	0	0	1	43	0	0	0	0	7	15	0	0	0
"rs112196745"	0	0	1	35	0	0	0	1	51	0	0	0	0	0	10	0	0	0
"rs11221743"	1	5	0	21	0	0	0	7	64	0	0	0	0	0	0	0	0	0
"rs112316876"	0	0	0	0	0	0	0	4	83	0	0	0	0	0	11	0	0	0
"rs112349722"	0	0	0	0	0	0	0	0	92	0	0	0	0	0	6	0	0	0
"rs112365894"	0	0	0	0	0	0	0	1	92	0	0	0	0	0	5	0	0	0
"rs112413516"	0	0	0	0	0	0	0	1	90	0	0	0	0	0	7	0	0	0
"rs112454669"	0	0	0	0	0	0	0	5	91	0	0	0	0	0	2	0	0	0
"rs112470428"	0	0	0	11	0	0	0	15	72	0	0	0	0	0	0	0	0	0
"rs112472626"	0	0	0	0	0	0	0	15	75	0	0	0	0	0	8	0	0	0
"rs112485729"	0	0	4	47	0	0	0	2	44	0	0	0	0	0	1	0	0	0
"rs112526334"	0	3	0	1	0	0	21	33	40	0	0	0	0	0	0	0	0	0
"rs112527210"	0	0	0	0	0	0	0	0	0	90	6	2	0	0	0	0	0	0
"rs11256662"	0	0	0	0	0	0	0	0	0	70	9	16	3	0	0	0	0	0
"rs11256668"	1	19	0	0	1	0	0	0	0	0	8	7	55	0	7	0	0	0
"rs11256717"	0	2	0	0	0	0	0	0	1	0	0	0	0	56	39	0	0	0
"rs11256718"	0	2	0	0	0	0	0	0	1	0	0	0	0	56	39	0	0	0
"rs11256719"	0	0	0	0	0	0	0	0	1	0	0	0	0	53	44	0	0	0
"rs11256726"	0	1	0	0	0	0	0	0	1	0	0	0	0	54	38	4	0	0
"rs11256771"	0	2	0	0	0	0	0	0	1	0	0	0	0	45	41	6	2	1
"rs11256850"	0	0	0	0	0	0	0	0	4	0	0	0	0	0	94	0	0	0
"rs11256851"	0	0	0	0	0	0	0	0	4	0	0	0	0	0	94	0	0	0
"rs112631403"	0	0	0	11	0	0	0	15	72	0	0	0	0	0	0	0	0	0
"rs11263857"	1	7	0	0	0	2	26	30	11	0	0	2	0	0	17	0	0	2
"rs11270369"	1	17	0	0	0	0	0	0	32	0	0	0	0	16	25	5	1	1
"rs112728906"	0	2	0	20	0	0	4	22	46	0	0	0	0	0	4	0	0	0
"rs112761668"	1	6	0	21	0	0	0	7	63	0	0	0	0	0	0	0	0	0
"rs11277261"	0	0	0	8	0	0	0	3	83	0	0	0	0	0	4	0	0	0
"rs112837294"	0	0	5	30	0	0	0	1	47	0	0	0	0	0	15	0	0	0
"rs112843209"	0	0	0	1	0	0	13	31	52	0	0	0	0	0	1	0	0	0
"rs11289248"	1	0	1	11	0	0	0	10	69	0	0	0	0	0	6	0	0	0
"rs112912841"	21	11	0	0	0	0	0	1	18	0	0	0	0	0	26	0	0	21
"rs112937368"	1	0	0	2	0	0	0	3	92	0	0	0	0	0	0	0	0	0
"rs112945849"	3	0	21	27	1	0	0	0	25	2	13	0	0	0	5	0	0	1
"rs11297578"	1	1	0	1	0	0	1	2	89	0	0	0	0	0	3	0	0	0
"rs11297778"	0	1	0	7	0	0	0	0	85	0	0	0	0	0	5	0	0	0
"rs113018921"	0	0	0	0	0	0	0	2	22	0	0	0	0	5	69	0	0	0
"rs113022510"	2	1	0	1	0	0	0	5	45	0	0	0	0	1	43	0	0	0
"rs11307140"	0	0	0	4	0	0	0	9	75	0	0	0	0	0	10	0	0	0
"rs11311327"	2	4	0	0	0	0	0	0	36	0	0	0	0	21	34	1	0	0
"rs113141062"	0	0	0	0	0	0	0	1	94	0	0	0	0	0	3	0	0	0
"rs1131497"	0	0	0	0	0	0	0	6	17	0	0	0	0	28	45	0	0	2
"rs1131499"	0	0	0	0	0	0	0	6	17	0	0	0	0	29	44	0	0	2
"rs113170561"	0	0	0	1	0	0	0	1	96	0	0	0	0	0	0	0	0	0
"rs113202043"	1	0	0	0	0	0	1	17	66	1	1	0	0	0	11	0	0	0
"rs11320239"	0	0	0	3	0	0	0	0	95	0	0	0	0	0	0	0	0	0
"rs113202686"	1	6	0	0	0	0	0	0	52	0	0	0	0	0	38	0	0	1
"rs113288480"	0	0	0	16	0	0	0	1	81	0	0	0	0	0	0	0	0	0
"rs113332533"	0	0	0	3	0	0	0	4	91	0	0	0	0	0	0	0	0	0
"rs113348784"	0	0	3	37	0	0	0	0	44	0	0	1	0	0	13	0	0	0
"rs113376448"	0	0	1	11	0	0	0	0	77	0	0	0	0	0	9	0	0	0
"rs113443823"	0	0	0	3	0	0	0	18	77	0	0	0	0	0	0	0	0	0
"rs113480542"	2	2	0	0	0	0	0	19	73	0	0	0	0	0	1	0	0	1
"rs11365193"	0	0	0	0	0	0	0	3	36	0	0	0	0	19	40	0	0	0
"rs11365395"	0	0	0	16	0	0	0	3	76	0	0	0	0	0	3	0	0	0
"rs11375123"	1	0	0	2	0	0	0	1	92	0	0	0	0	0	2	0	0	0
"rs113775949"	0	2	1	39	0	0	0	1	42	0	0	0	0	0	11	1	0	1
"rs113785870"	0	1	10	29	0	0	0	1	30	0	0	0	0	11	15	1	0	0
"rs113828344"	2	4	0	0	0	0	0	0	6	0	0	9	0	14	33	18	11	1
"rs113837387"	0	0	4	18	0	0	0	2	74	0	0	0	0	0	0	0	0	0
"rs113850802"	0	0	0	6	0	0	0	17	75	0	0	0	0	0	0	0	0	0
"rs113954048"	0	0	0	7	0	0	0	38	45	0	0	0	0	0	8	0	0	0
"rs114095010"	0	0	0	5	0	0	0	1	92	0	0	0	0	0	0	0	0	0
"rs114162077"	0	0	0	0	0	0	0	0	0	93	2	3	0	0	0	0	0	0
"rs11417773"	0	0	0	18	0	0	0	2	77	0	0	0	0	0	1	0	0	0
"rs114200637"	0	0	0	16	0	0	0	1	81	0	0	0	0	0	0	0	0	0
"rs114216851"	3	13	0	0	0	0	0	0	21	0	0	0	0	0	58	0	0	3
"rs11422071"	0	0	0	0	0	0	0	1	77	0	0	0	0	1	19	0	0	0
"rs114242950"	5	0	0	0	0	0	0	0	42	0	0	0	0	0	51	0	0	0
"rs114268682"	0	0	1	1	0	0	0	3	61	0	0	0	0	0	32	0	0	0
"rs11435122"	0	0	1	8	0	0	0	28	40	0	0	0	0	0	21	0	0	0
"rs114413540"	7	15	0	0	0	0	0	0	28	0	0	2	0	0	30	0	0	16
"rs114574492"	0	0	0	30	0	0	0	1	38	0	0	0	0	0	29	0	0	0
"rs114617809"	6	4	0	1	0	0	0	10	74	0	0	0	0	0	3	0	0	0
"rs114643934"	0	2	0	0	0	0	0	0	46	0	0	0	0	0	50	0	0	0
"rs11466328"	0	0	0	0	0	0	0	0	11	0	0	0	0	41	31	14	1	0
"rs114665210"	5	21	0	0	0	0	0	0	14	5	1	7	8	0	20	1	0	16
"rs114667816"	0	0	0	0	0	0	2	31	64	0	0	0	0	0	1	0	0	0
"rs114709256"	0	0	0	11	0	0	0	15	72	0	0	0	0	0	0	0	0	0
"rs114741124"	0	0	0	0	0	0	0	1	47	0	0	0	0	0	50	0	0	0
"rs114753480"	1	0	0	0	0	0	0	0	34	0	0	0	0	0	63	0	0	0
"rs114759895"	0	0	1	26	0	0	0	0	56	0	0	0	0	0	15	0	0	0
"rs114789545"	1	0	0	0	0	0	0	0	58	0	0	0	0	0	39	0	0	0
"rs11479669"	0	3	0	0	0	0	0	0	0	0	0	0	0	43	48	4	0	0
"rs114814259"	0	0	0	2	0	0	0	19	77	0	0	0	0	0	0	0	0	0
"rs114841338"	0	0	0	1	0	0	0	7	87	0	0	0	0	0	3	0	0	0
"rs114847285"	1	9	0	0	0	0	0	0	55	0	0	0	0	0	33	0	0	0
"rs114887715"	0	0	0	1	0	0	0	1	95	0	0	0	0	0	1	0	0	0
"rs114889797"	4	4	0	0	0	0	0	15	62	0	0	0	0	0	11	0	0	2
"rs114892082"	0	0	0	24	0	0	1	17	56	0	0	0	0	0	0	0	0	0
"rs11490378"	0	0	0	3	0	0	0	30	65	0	0	0	0	0	0	0	0	0
"rs11490380"	0	0	0	3	0	0	0	30	65	0	0	0	0	0	0	0	0	0
"rs114929498"	0	0	0	1	0	0	0	1	76	0	0	0	0	0	20	0	0	0
"rs114944657"	0	1	0	0	0	0	0	0	50	0	0	0	0	2	45	0	0	0
"rs114966223"	4	8	0	0	0	0	0	2	56	1	0	2	1	5	17	1	0	1
"rs115025928"	0	0	0	0	0	0	0	0	63	0	0	0	0	0	35	0	0	0
"rs115032716"	0	0	0	0	0	0	0	6	91	0	0	0	0	0	1	0	0	0
"rs115038534"	0	0	1	6	0	0	0	3	56	0	0	0	0	0	32	0	0	0
"rs115105517"	0	0	0	9	0	0	0	0	89	0	0	0	0	0	0	0	0	0
"rs115117583"	1	7	5	15	0	0	0	2	66	0	0	0	0	0	0	0	0	2
"rs115121857"	0	18	0	0	0	0	0	0	0	0	1	0	2	6	66	5	0	0
"rs115168653"	1	2	0	0	0	0	0	0	45	0	0	0	0	0	50	0	0	0
"rs115188920"	0	0	0	26	0	0	0	17	55	0	0	0	0	0	0	0	0	0
"rs115242544"	0	0	0	0	0	0	0	0	52	0	0	0	0	0	46	0	0	0
"rs11530577"	0	0	0	0	0	0	0	10	66	0	0	0	0	0	22	0	0	0
"rs115363116"	0	0	1	9	0	0	0	20	68	0	0	0	0	0	0	0	0	0
"rs115441808"	1	9	0	0	0	0	0	0	72	0	0	0	0	0	16	0	0	0
"rs115446059"	0	0	0	1	0	0	0	1	95	0	0	0	0	0	1	0	0	0
"rs115466816"	1	2	0	0	0	0	1	0	43	0	0	0	0	1	49	1	0	0
"rs115479511"	1	3	0	8	0	0	0	0	85	0	0	0	0	0	1	0	0	0
"rs115611278"	1	8	0	3	0	2	10	26	42	0	0	0	0	0	4	1	0	1
"rs1156670"	0	0	0	7	0	0	0	1	85	0	0	0	0	0	5	0	0	0
"rs115697614"	0	0	0	3	0	0	0	21	74	0	0	0	0	0	0	0	0	0
"rs115707845"	2	3	0	0	0	0	0	2	88	0	0	0	0	0	2	0	0	1
"rs115715111"	0	2	0	0	0	0	1	16	72	0	0	0	0	0	7	0	0	0
"rs115723230"	2	2	0	0	0	0	0	0	88	0	0	0	0	0	6	0	0	0
"rs115894092"	0	20	0	0	0	0	0	0	22	0	0	0	0	1	53	0	0	2
"rs115904476"	7	3	0	0	0	0	0	0	62	1	0	6	1	0	10	0	0	8
"rs11603401"	0	0	0	39	0	0	0	2	56	0	0	0	0	0	1	0	0	0
"rs116043738"	0	43	0	0	0	0	0	0	0	0	1	0	1	0	48	4	0	1
"rs116064427"	0	5	0	0	0	0	0	4	70	0	0	0	0	0	18	1	0	0
"rs116073984"	2	1	0	0	0	0	0	1	55	0	0	0	0	0	37	0	0	2
"rs116088375"	1	9	0	0	0	0	0	0	55	0	0	0	0	0	33	0	0	0
"rs116148146"	0	0	0	0	0	0	0	0	5	0	0	0	0	24	68	1	0	0
"rs116255247"	0	0	0	1	0	0	0	1	76	0	0	0	0	0	20	0	0	0
"rs116262218"	0	0	0	10	0	0	0	15	73	0	0	0	0	0	0	0	0	0
"rs116269992"	0	4	0	0	0	0	0	0	58	0	0	1	0	1	34	0	0	0
"rs116323014"	0	0	0	0	0	0	0	0	50	0	0	0	0	0	48	0	0	0
"rs116333168"	0	0	3	49	0	0	0	7	39	0	0	0	0	0	0	0	0	0
"rs116333829"	0	0	0	3	0	0	0	4	91	0	0	0	0	0	0	0	0	0
"rs116361848"	1	3	0	3	0	0	0	1	85	0	0	0	0	0	5	0	0	0
"rs116461311"	0	0	0	0	0	0	0	3	85	0	0	0	0	0	10	0	0	0
"rs11655300"	2	6	0	0	0	0	1	35	27	0	0	1	0	0	26	0	0	0
"rs11656487"	2	10	0	0	0	2	0	32	27	0	0	0	0	0	23	0	0	2
"rs116574564"	0	4	0	0	0	0	0	0	46	0	0	0	0	0	48	0	0	0
"rs116604811"	0	0	0	11	0	0	0	15	72	0	0	0	0	0	0	0	0	0
"rs116658723"	0	0	0	10	0	0	0	0	88	0	0	0	0	0	0	0	0	0
"rs116714161"	0	0	0	4	0	0	0	22	72	0	0	0	0	0	0	0	0	0
"rs116714380"	0	0	14	20	0	0	0	16	48	0	0	0	0	0	0	0	0	0
"rs11675962"	0	0	0	2	0	0	0	33	62	0	0	0	0	0	1	0	0	0
"rs11676919"	0	0	1	13	0	0	4	48	32	0	0	0	0	0	0	0	0	0
"rs11678350"	0	5	0	1	0	0	3	17	60	0	0	0	0	0	12	0	0	0
"rs116823507"	0	0	0	11	0	0	0	15	72	0	0	0	0	0	0	0	0	0
"rs11682672"	0	0	0	2	0	0	0	8	79	0	0	0	0	0	9	0	0	0
"rs11682912"	0	0	0	2	0	0	0	33	62	0	0	0	0	0	1	0	0	0
"rs11683660"	0	0	0	0	0	0	0	2	87	0	0	0	0	0	9	0	0	0
"rs116838982"	0	0	0	0	0	0	0	4	81	0	0	0	0	0	13	0	0	0
"rs11684547"	0	0	0	6	0	0	0	1	90	0	0	0	0	0	1	0	0	0
"rs11684591"	0	0	0	6	0	0	0	1	90	0	0	0	0	0	1	0	0	0
"rs11686982"	0	0	1	15	0	0	0	50	32	0	0	0	0	0	0	0	0	0
"rs116874486"	0	0	0	0	0	0	0	0	0	0	0	0	0	69	29	0	0	0
"rs11687800"	1	0	0	0	0	0	0	0	4	0	0	0	0	50	39	4	0	0
"rs11688206"	0	0	8	42	0	0	0	14	34	0	0	0	0	0	0	0	0	0
"rs116896692"	0	3	0	0	0	0	1	4	28	0	0	0	0	4	58	0	0	0
"rs116904621"	0	0	0	6	0	0	0	3	89	0	0	0	0	0	0	0	0	0
"rs11690971"	1	0	0	0	0	0	0	0	4	0	0	0	0	17	76	0	0	0
"rs11691661"	0	4	0	0	0	0	0	16	66	0	0	0	0	0	12	0	0	0
"rs11692413"	0	0	2	9	0	0	0	13	73	0	0	0	0	0	1	0	0	0
"rs11692773"	0	0	1	15	0	0	0	50	32	0	0	0	0	0	0	0	0	0
"rs11694047"	0	0	0	0	0	0	0	20	71	0	0	0	0	0	7	0	0	0
"rs11695364"	0	0	0	0	0	0	0	2	87	0	0	0	0	0	9	0	0	0
"rs11695568"	0	0	0	2	0	0	0	34	62	0	0	0	0	0	0	0	0	0
"rs11695605"	4	2	0	0	0	0	0	6	67	0	0	0	0	0	18	0	0	1
"rs11695763"	0	0	0	0	0	0	0	15	81	0	0	0	0	0	2	0	0	0
"rs1169782"	0	0	0	4	0	0	0	1	70	1	1	0	0	0	21	0	0	0
"rs1169783"	0	0	0	4	0	0	0	1	70	1	1	0	0	0	21	0	0	0
"rs117023642"	0	0	0	11	0	0	0	14	73	0	0	0	0	0	0	0	0	0
"rs11710725"	0	0	0	13	0	0	0	6	78	0	0	0	0	0	1	0	0	0
"rs117108179"	0	0	1	18	0	0	0	7	70	0	0	0	0	0	2	0	0	0
"rs117118995"	0	0	0	2	0	0	0	7	87	0	0	0	0	0	2	0	0	0
"rs117131729"	2	21	0	1	0	1	0	14	40	0	0	0	1	0	7	0	0	11
"rs117141769"	1	0	0	0	0	0	0	0	51	0	0	0	0	2	43	0	0	1
"rs117168967"	0	0	0	1	0	0	0	3	92	0	0	0	0	0	2	0	0	0
"rs117243705"	0	0	0	11	0	0	0	17	70	0	0	0	0	0	0	0	0	0
"rs117249197"	0	0	0	33	0	0	0	3	62	0	0	0	0	0	0	0	0	0
"rs117425442"	0	1	0	10	0	0	0	0	87	0	0	0	0	0	0	0	0	0
"rs11743708"	2	0	0	0	0	0	0	12	70	0	0	0	0	0	14	0	0	0
"rs117508395"	0	0	0	0	0	0	0	2	95	0	0	0	0	0	1	0	0	0
"rs11751510"	0	2	0	6	0	0	0	3	86	0	0	0	0	0	1	0	0	0
"rs11753756"	1	3	0	3	0	0	0	0	86	0	0	0	0	0	5	0	0	0
"rs117537772"	1	0	0	0	0	0	0	2	93	0	0	0	0	0	2	0	0	0
"rs11758712"	0	0	0	17	0	0	0	1	79	0	0	0	0	0	1	0	0	0
"rs11758715"	2	8	0	0	0	0	0	10	47	0	0	0	0	0	31	0	0	0
"rs11764516"	0	0	0	0	0	0	0	1	92	0	0	0	0	0	5	0	0	0
"rs11764519"	0	0	0	0	0	0	0	1	92	0	0	0	0	0	5	0	0	0
"rs11764628"	1	3	0	0	0	0	0	1	86	0	0	0	0	0	5	0	0	2
"rs11766930"	1	1	0	1	0	0	0	2	93	0	0	0	0	0	0	0	0	0
"rs11767708"	2	4	0	0	0	0	0	1	85	0	0	0	0	0	4	0	0	2
"rs117716553"	0	4	0	0	0	0	0	3	14	0	0	0	0	9	67	1	0	0
"rs11771964"	0	0	0	1	0	0	0	0	95	0	0	0	0	0	2	0	0	0
"rs11772072"	0	0	0	1	0	0	0	0	95	0	0	0	0	0	2	0	0	0
"rs117794744"	0	0	0	0	0	0	0	0	57	0	0	0	0	0	41	0	0	0
"rs117799397"	0	0	6	44	0	0	0	0	48	0	0	0	0	0	0	0	0	0
"rs117857579"	0	0	0	21	0	0	0	0	77	0	0	0	0	0	0	0	0	0
"rs11786308"	1	15	0	0	0	0	0	0	1	0	0	0	0	0	79	0	0	2
"rs117877044"	0	0	0	19	0	0	0	0	79	0	0	0	0	0	0	0	0	0
"rs11788387"	0	3	0	0	0	0	0	4	90	0	0	0	0	0	1	0	0	0
"rs117937269"	0	0	0	3	0	0	0	15	80	0	0	0	0	0	0	0	0	0
"rs117944084"	1	3	0	0	0	0	1	1	13	0	0	0	0	28	47	4	0	0
"rs11795856"	1	0	0	3	0	0	0	3	91	0	0	0	0	0	0	0	0	0
"rs11796272"	0	0	0	5	0	0	0	3	90	0	0	0	0	0	0	0	0	0
"rs11796485"	0	0	0	5	0	0	0	5	88	0	0	0	0	0	0	0	0	0
"rs11796513"	0	0	0	5	0	0	1	4	88	0	0	0	0	0	0	0	0	0
"rs11796519"	0	0	0	6	0	0	0	4	88	0	0	0	0	0	0	0	0	0
"rs11796561"	0	0	0	5	0	0	0	3	90	0	0	0	0	0	0	0	0	0
"rs11796675"	0	0	0	5	0	0	0	6	87	0	0	0	0	0	0	0	0	0
"rs11798237"	0	0	0	6	0	0	0	7	85	0	0	0	0	0	0	0	0	0
"rs11798256"	0	0	0	11	0	0	0	13	74	0	0	0	0	0	0	0	0	0
"rs11798397"	0	0	0	5	0	0	0	6	87	0	0	0	0	0	0	0	0	0
"rs11798448"	0	0	0	5	0	0	0	3	90	0	0	0	0	0	0	0	0	0
"rs11798824"	0	0	0	7	0	0	0	12	79	0	0	0	0	0	0	0	0	0
"rs118112762"	0	3	0	0	0	0	0	0	42	0	0	0	0	0	53	0	0	0
"rs118152564"	0	2	0	1	0	0	2	11	60	0	0	2	0	0	17	0	0	3
"rs11819098"	1	7	0	0	0	3	5	8	56	0	0	0	0	0	16	0	0	2
"rs11839038"	2	5	0	0	0	0	0	0	1	0	0	0	0	9	81	0	0	0
"rs11847588"	0	4	0	0	0	0	0	1	64	0	0	0	0	0	29	0	0	0
"rs11847813"	0	1	5	23	0	0	0	0	60	0	0	0	0	0	9	0	0	0
"rs11872821"	0	0	0	0	0	0	2	26	70	0	0	0	0	0	0	0	0	0
"rs11875625"	0	0	0	0	0	0	9	22	67	0	0	0	0	0	0	0	0	0
"rs11875840"	0	0	0	13	0	0	0	3	74	0	0	0	0	0	8	0	0	0
"rs11876488"	0	0	0	0	0	0	3	27	68	0	0	0	0	0	0	0	0	0
"rs11877823"	0	0	0	0	0	0	10	21	67	0	0	0	0	0	0	0	0	0
"rs11887648"	0	0	0	1	0	0	0	6	67	0	0	0	0	0	24	0	0	0
"rs11888585"	1	10	1	8	0	0	0	8	61	0	0	0	0	0	9	0	0	0
"rs11895787"	0	20	0	1	0	0	0	0	8	0	0	0	0	1	68	0	0	0
"rs11896064"	0	2	0	7	0	0	0	6	71	6	4	1	1	0	0	0	0	0
"rs11896713"	1	2	0	0	0	0	0	10	61	0	0	0	0	0	23	0	0	1
"rs11901530"	0	0	0	0	0	0	0	9	89	0	0	0	0	0	0	0	0	0
"rs11962344"	0	1	2	1	0	0	0	2	90	0	0	0	0	0	2	0	0	0
"rs11969898"	0	1	1	2	0	0	0	1	91	0	0	0	0	0	2	0	0	0
"rs11980965"	0	1	0	0	0	0	0	0	93	0	0	0	0	0	4	0	0	0
"rs12021017"	0	0	0	16	0	0	0	2	80	0	0	0	0	0	0	0	0	0
"rs12025139"	0	0	0	0	0	0	0	0	83	0	0	0	0	0	15	0	0	0
"rs12031408"	0	2	0	1	0	0	0	0	84	0	0	0	0	0	11	0	0	0
"rs12053518"	0	0	0	0	0	0	0	0	1	0	0	0	0	52	45	0	0	0
"rs12070705"	0	1	0	1	0	0	0	5	85	0	0	0	0	0	6	0	0	0
"rs12081024"	0	0	0	0	0	0	1	21	69	0	0	0	0	0	7	0	0	0
"rs12085223"	0	0	4	30	0	0	0	1	63	0	0	0	0	0	0	0	0	0
"rs12088960"	0	1	13	17	0	0	2	19	44	0	0	0	0	0	1	0	0	1
"rs12095330"	1	0	0	8	0	0	0	2	84	0	0	0	0	0	3	0	0	0
"rs12103865"	1	2	0	0	0	0	0	3	64	0	0	0	0	0	27	0	0	1
"rs12123086"	0	14	0	0	0	22	30	13	12	0	1	0	1	0	5	0	0	0
"rs12133031"	0	0	0	1	0	0	0	3	93	0	0	0	0	0	1	0	0	0
"rs12133419"	0	0	0	0	0	0	0	12	86	0	0	0	0	0	0	0	0	0
"rs12149331"	6	6	0	2	0	0	1	3	40	0	0	0	0	0	35	0	0	5
"rs12149630"	6	6	0	2	0	0	1	3	40	0	0	0	0	0	35	0	0	5
"rs12175479"	0	1	2	15	0	0	0	0	79	0	0	0	0	0	1	0	0	0
"rs12193890"	2	1	0	0	0	0	0	11	47	0	0	0	0	0	32	0	0	5
"rs12217367"	0	3	0	0	0	0	3	7	57	0	0	0	0	2	26	0	0	0
"rs12217373"	0	3	0	0	0	0	3	7	57	0	0	0	0	1	26	1	0	0
"rs12234882"	0	0	0	4	0	0	0	1	92	0	0	0	0	0	1	0	0	0
"rs12237411"	0	1	0	0	0	0	1	6	67	0	0	0	0	1	22	0	0	0
"rs12241652"	1	7	0	0	0	1	5	7	57	0	0	0	0	1	18	0	0	1
"rs12244966"	1	0	1	1	0	0	0	9	57	0	0	0	0	0	29	0	0	0
"rs12247422"	0	6	0	1	0	0	0	7	54	0	0	0	0	1	27	0	0	2
"rs12251662"	1	0	2	1	0	0	0	9	56	0	0	0	0	0	29	0	0	0
"rs12258591"	0	4	0	0	0	0	0	6	62	0	0	0	0	0	25	0	0	1
"rs12262588"	3	3	2	1	0	0	0	7	57	0	0	0	0	1	23	0	0	1
"rs12265227"	1	0	2	1	0	0	0	9	56	0	0	0	0	0	29	0	0	0
"rs12265240"	1	0	2	1	0	0	0	9	56	0	0	0	0	0	29	0	0	0
"rs12270350"	0	0	0	0	0	0	0	10	66	0	0	0	0	0	22	0	0	0
"rs12283647"	0	0	0	0	0	0	0	10	66	0	0	0	0	0	22	0	0	0
"rs12330919"	24	17	0	0	0	0	0	1	15	1	0	2	0	0	7	1	0	30
"rs12395261"	0	0	0	10	0	0	0	1	87	0	0	0	0	0	0	0	0	0
"rs12417154"	0	0	7	56	0	0	0	2	33	0	0	0	0	0	0	0	0	0
"rs12427976"	0	6	2	0	0	0	0	25	55	0	0	0	2	1	7	0	0	0
"rs12434744"	0	0	1	15	0	0	0	0	82	0	0	0	0	0	0	0	0	0
"rs12438141"	0	2	5	43	0	0	0	1	32	0	0	0	0	0	14	1	0	0
"rs12439743"	1	0	7	44	0	0	0	1	33	0	0	0	0	0	12	0	0	0
"rs12439982"	1	1	2	44	0	0	0	1	36	0	0	1	0	0	12	0	0	0
"rs12449862"	0	0	0	9	0	0	1	23	58	0	0	0	0	0	7	0	0	0
"rs12458406"	0	1	0	9	0	0	0	3	82	0	0	0	0	0	3	0	0	0
"rs12463996"	0	7	0	0	0	0	2	10	50	0	0	0	0	0	28	0	0	1
"rs12475027"	0	7	0	0	0	0	2	10	50	0	0	0	0	0	28	0	0	1
"rs12475073"	9	15	0	0	0	0	0	3	2	0	0	2	1	0	55	0	0	11
"rs12475386"	0	0	0	3	0	0	0	21	71	0	0	0	0	0	3	0	0	0
"rs12475636"	0	0	1	8	0	0	0	0	89	0	0	0	0	0	0	0	0	0
"rs12506130"	0	1	0	2	0	0	0	2	89	0	1	0	0	0	3	0	0	0
"rs12520982"	0	0	0	4	0	0	0	9	75	0	0	0	0	0	10	0	0	0
"rs12524607"	1	1	0	0	0	0	0	0	96	0	0	0	0	0	0	0	0	0
"rs12533200"	1	0	0	2	0	0	0	0	94	0	0	0	0	0	1	0	0	0
"rs12542398"	0	0	0	0	0	0	0	4	90	0	0	0	0	0	4	0	0	0
"rs12553632"	0	0	0	0	0	0	0	7	67	0	0	0	0	5	19	0	0	0
"rs12553730"	0	0	0	0	0	0	1	12	59	0	0	0	0	9	15	2	0	0
"rs12555333"	0	0	0	1	0	0	0	6	67	0	0	0	0	3	21	0	0	0
"rs12564788"	0	0	2	2	0	0	0	0	73	0	0	0	0	0	21	0	0	0
"rs12565374"	0	1	0	6	0	0	0	0	90	0	0	0	0	0	1	0	0	0
"rs12566669"	0	0	1	3	0	0	0	0	69	0	0	0	0	1	24	0	0	0
"rs12586845"	0	0	0	7	0	0	0	0	91	0	0	0	0	0	0	0	0	0
"rs12588283"	0	0	1	17	0	0	0	2	78	0	0	0	0	0	0	0	0	0
"rs12588492"	0	0	0	3	0	0	0	0	95	0	0	0	0	0	0	0	0	0
"rs12590105"	0	0	0	7	0	0	0	0	90	0	0	0	0	0	1	0	0	0
"rs12590315"	0	1	0	0	0	0	0	7	74	0	0	0	0	0	16	0	0	0
"rs12590762"	0	0	1	19	0	0	0	2	76	0	0	0	0	0	0	0	0	0
"rs12590973"	0	9	0	0	0	0	0	7	73	0	0	0	0	0	9	0	0	0
"rs12622683"	0	1	0	0	0	0	0	9	56	0	0	0	0	0	32	0	0	0
"rs12669999"	0	1	0	0	0	0	0	1	89	0	0	0	0	0	7	0	0	0
"rs12701817"	1	0	0	0	0	0	0	1	86	0	0	0	0	0	8	0	0	2
"rs12701822"	0	0	1	20	0	0	0	0	73	0	0	0	0	0	4	0	0	0
"rs12754816"	2	8	0	0	0	0	0	0	3	0	0	0	0	8	75	1	0	1
"rs12765664"	0	0	0	1	0	0	7	10	58	0	0	0	0	7	15	0	0	0
"rs12775081"	0	0	0	1	0	0	5	26	55	0	0	0	0	1	10	0	0	0
"rs12780232"	0	0	0	1	0	0	5	26	55	0	0	0	0	1	10	0	0	0
"rs12867016"	0	5	0	0	0	0	0	0	35	0	0	0	0	0	58	0	0	0
"rs12867475"	0	2	0	0	0	0	0	0	59	0	0	0	0	1	36	0	0	0
"rs12867621"	0	0	0	0	0	0	0	0	56	0	0	0	0	0	42	0	0	0
"rs12868404"	0	0	0	5	0	0	0	25	68	0	0	0	0	0	0	0	0	0
"rs12871049"	1	1	0	2	0	0	0	23	65	0	0	0	0	0	6	0	0	0
"rs12879658"	0	0	1	20	0	0	0	1	76	0	0	0	0	0	0	0	0	0
"rs12880695"	0	0	1	20	0	0	0	1	76	0	0	0	0	0	0	0	0	0
"rs12884038"	0	1	1	15	0	0	0	2	79	0	0	0	0	0	0	0	0	0
"rs12886742"	0	3	0	0	0	0	0	0	87	0	0	0	0	0	8	0	0	0
"rs12888648"	0	0	0	8	0	0	0	0	90	0	0	0	0	0	0	0	0	0
"rs12889861"	0	0	0	6	0	0	0	0	91	0	0	0	0	0	1	0	0	0
"rs12889952"	0	0	1	19	0	0	0	2	75	0	0	0	0	0	1	0	0	0
"rs12890794"	3	5	4	25	0	0	0	1	59	0	0	0	0	0	1	0	0	0
"rs12890934"	1	0	17	15	0	0	0	0	58	0	0	0	0	0	7	0	0	0
"rs12891186"	0	0	0	0	0	0	0	7	75	0	0	0	0	0	16	0	0	0
"rs1289231"	0	0	0	12	0	0	0	3	81	0	0	0	0	0	2	0	0	0
"rs1289304"	0	0	0	2	0	0	0	6	87	0	0	0	0	0	3	0	0	0
"rs12893908"	0	0	1	15	0	0	0	0	82	0	0	0	0	0	0	0	0	0
"rs12894700"	1	9	0	0	0	0	0	1	81	0	0	0	1	0	5	0	0	0
"rs12895072"	0	10	0	2	0	0	0	0	56	0	1	0	0	1	28	0	0	0
"rs12895780"	0	0	1	15	0	0	0	2	80	0	0	0	0	0	0	0	0	0
"rs12896715"	1	1	0	0	0	0	8	46	35	0	0	0	0	0	7	0	0	0
"rs12897754"	0	0	0	18	0	0	0	2	77	0	0	0	0	0	1	0	0	0
"rs12948181"	0	0	1	9	0	0	0	27	57	0	0	0	0	0	4	0	0	0
"rs12986715"	0	0	0	1	0	0	0	1	95	0	0	0	0	0	1	0	0	0
"rs12990737"	0	1	0	4	0	0	0	0	92	0	0	0	0	0	1	0	0	0
"rs12995701"	0	0	0	2	0	0	0	0	96	0	0	0	0	0	0	0	0	0
"rs12998251"	0	0	0	0	0	0	0	0	95	0	0	0	0	0	3	0	0	0
"rs12999372"	0	2	0	7	0	0	0	1	87	0	0	0	0	0	1	0	0	0
"rs13000087"	1	2	0	1	0	0	0	0	89	0	0	0	0	0	4	0	0	1
"rs13001838"	0	19	0	0	0	0	0	0	2	0	1	0	2	1	71	2	0	0
"rs13005808"	1	2	1	7	0	0	0	0	82	0	2	0	1	0	2	0	0	0
"rs13013602"	1	2	0	0	0	0	0	5	55	0	0	0	0	0	33	0	0	2
"rs13015273"	0	3	0	0	0	0	0	10	56	0	0	0	0	0	29	0	0	0
"rs13016817"	0	3	0	0	0	0	0	9	56	0	0	0	0	0	30	0	0	0
"rs13019249"	0	5	0	0	0	0	0	4	54	0	0	0	0	0	33	0	0	2
"rs13021343"	0	0	0	1	0	0	0	0	96	0	0	0	0	0	1	0	0	0
"rs13024893"	0	0	0	2	0	0	0	16	80	0	0	0	0	0	0	0	0	0
"rs13025284"	0	2	1	1	0	0	0	0	90	0	0	0	0	0	3	0	0	1
"rs13026263"	3	5	0	0	0	0	0	1	34	0	0	0	0	32	23	0	0	0
"rs13036237"	1	2	0	0	0	0	0	5	55	0	0	0	0	0	33	0	0	2
"rs13063730"	0	0	0	0	0	0	0	11	81	0	0	0	0	0	6	0	0	0
"rs13128934"	1	1	0	0	0	0	0	0	2	0	0	0	0	52	35	7	0	0
"rs1317919"	13	25	0	0	0	0	0	1	17	0	0	0	0	0	14	0	0	28
"rs13195271"	0	0	0	0	0	0	0	1	97	0	0	0	0	0	0	0	0	0
"rs1319610"	0	0	0	1	0	0	1	17	55	0	0	0	0	5	19	0	0	0
"rs13199554"	0	0	0	0	0	0	0	0	98	0	0	0	0	0	0	0	0	0
"rs13200468"	0	0	13	36	0	0	0	0	49	0	0	0	0	0	0	0	0	0
"rs13204060"	0	0	0	0	0	0	0	0	98	0	0	0	0	0	0	0	0	0
"rs13209151"	0	0	0	0	0	0	0	1	97	0	0	0	0	0	0	0	0	0
"rs13209766"	0	0	0	2	0	0	0	1	95	0	0	0	0	0	0	0	0	0
"rs13211518"	0	0	2	33	0	0	0	0	63	0	0	0	0	0	0	0	0	0
"rs13219778"	0	0	0	1	0	0	0	0	97	0	0	0	0	0	0	0	0	0
"rs13219895"	2	6	0	0	0	0	0	0	84	0	0	0	0	0	3	0	0	3
"rs1327530"	0	0	0	0	0	0	0	1	93	0	0	0	0	0	4	0	0	0
"rs1327535"	0	0	0	0	0	0	0	18	56	0	0	0	0	5	19	0	0	0
"rs1327538"	0	0	0	1	0	0	0	13	55	0	0	0	0	4	25	0	0	0
"rs1327540"	0	0	0	0	0	0	0	1	76	0	0	0	0	2	19	0	0	0
"rs13290178"	0	0	0	0	0	0	0	8	73	0	0	0	0	5	12	0	0	0
"rs1330084"	0	0	0	13	0	0	0	1	82	0	0	0	0	0	2	0	0	0
"rs1330087"	0	0	2	40	0	0	0	0	56	0	0	0	0	0	0	0	0	0
"rs1336185"	0	2	0	0	0	0	3	7	58	0	0	0	0	1	27	0	0	0
"rs1336186"	0	3	0	0	0	0	3	7	57	0	0	0	0	2	26	0	0	0
"rs13377176"	1	2	0	1	0	0	0	6	60	0	0	0	0	1	25	0	0	2
"rs13382209"	0	1	0	7	0	0	0	15	73	0	0	0	0	0	1	0	0	1
"rs13382217"	1	1	0	0	0	0	0	0	35	0	0	0	0	8	50	3	0	0
"rs1338316"	6	11	0	0	0	0	0	6	47	0	0	0	0	0	24	0	0	4
"rs1338319"	2	4	0	0	0	0	0	17	72	0	0	0	0	0	1	0	0	2
"rs13393125"	0	0	0	4	0	0	0	22	67	0	0	0	0	0	5	0	0	0
"rs13397922"	0	0	6	19	0	0	0	0	73	0	0	0	0	0	0	0	0	0
"rs13398491"	0	0	0	6	0	0	0	0	92	0	0	0	0	0	0	0	0	0
"rs13399528"	1	8	0	0	0	0	0	0	4	0	0	0	0	37	36	12	0	0
"rs13400599"	0	0	0	4	0	0	1	21	71	0	0	0	0	0	1	0	0	0
"rs13402818"	0	0	0	12	0	0	0	1	85	0	0	0	0	0	0	0	0	0
"rs13405565"	0	0	0	12	0	0	0	1	85	0	0	0	0	0	0	0	0	0
"rs13405572"	0	0	0	12	0	0	0	1	85	0	0	0	0	0	0	0	0	0
"rs13409926"	2	0	0	0	0	0	0	0	4	0	0	0	0	16	74	2	0	0
"rs1342148"	0	0	0	0	0	0	0	0	95	0	0	0	0	0	3	0	0	0
"rs13422070"	0	0	1	5	0	0	0	0	92	0	0	0	0	0	0	0	0	0
"rs13424439"	0	0	0	1	0	0	0	20	74	0	0	0	0	0	3	0	0	0
"rs13429613"	0	0	0	0	0	0	0	8	56	0	0	0	0	0	34	0	0	0
"rs13429997"	0	0	0	8	0	0	0	0	90	0	0	0	0	0	0	0	0	0
"rs13432836"	1	1	0	7	0	0	0	20	66	0	0	0	1	0	1	0	0	1
"rs13440518"	0	0	0	9	0	0	0	1	88	0	0	0	0	0	0	0	0	0
"rs13440589"	0	0	0	7	0	0	0	1	90	0	0	0	0	0	0	0	0	0
"rs1346340"	2	16	0	2	0	0	0	1	71	0	0	0	0	0	3	0	0	3
"rs135444"	0	0	31	27	0	0	1	14	22	0	0	0	0	0	3	0	0	0
"rs1356718"	0	0	1	6	0	0	0	5	86	0	0	0	0	0	0	0	0	0
"rs1356720"	0	0	1	6	0	0	0	5	86	0	0	0	0	0	0	0	0	0
"rs1358198"	0	4	0	5	0	0	0	1	86	0	0	0	0	0	2	0	0	0
"rs1368092"	0	6	0	0	0	0	0	2	88	0	0	0	0	0	1	0	0	1
"rs1368093"	0	4	0	0	0	0	10	4	80	0	0	0	0	0	0	0	0	0
"rs1378696"	0	0	0	0	0	0	0	0	97	0	0	0	0	0	1	0	0	0
"rs138014240"	0	0	0	0	0	0	0	0	50	0	0	0	0	0	48	0	0	0
"rs1380179"	2	1	1	3	0	0	4	19	63	0	0	0	0	0	5	0	0	0
"rs1380181"	5	4	0	2	0	0	0	23	54	1	0	2	0	0	6	0	0	1
"rs138032004"	0	0	0	9	0	0	0	16	73	0	0	0	0	0	0	0	0	0
"rs138090315"	0	0	0	11	0	0	0	1	85	1	0	0	0	0	0	0	0	0
"rs138109197"	5	14	0	0	0	0	0	0	36	0	0	0	1	0	39	0	0	3
"rs138191925"	2	25	0	0	0	0	0	1	37	0	0	0	1	0	28	1	0	3
"rs138237507"	0	0	0	1	0	0	1	25	71	0	0	0	0	0	0	0	0	0
"rs138374420"	0	0	0	7	0	0	0	13	78	0	0	0	0	0	0	0	0	0
"rs138468468"	0	0	0	2	0	0	0	8	87	0	0	0	0	0	1	0	0	0
"rs138499527"	0	0	0	9	0	0	0	1	87	0	0	0	0	0	1	0	0	0
"rs138578865"	0	0	0	9	0	0	0	16	73	0	0	0	0	0	0	0	0	0
"rs138747775"	0	0	0	0	0	0	0	2	94	0	0	0	0	0	2	0	0	0
"rs138790691"	0	0	1	9	0	0	0	33	55	0	0	0	0	0	0	0	0	0
"rs138819911"	0	0	0	0	0	0	0	16	82	0	0	0	0	0	0	0	0	0
"rs138831519"	1	1	0	0	0	0	0	11	79	0	0	0	0	0	6	0	0	0
"rs138832351"	0	0	0	0	0	0	0	3	92	0	0	0	0	0	3	0	0	0
"rs138844008"	0	0	0	4	0	0	0	0	94	0	0	0	0	0	0	0	0	0
"rs138907013"	0	2	0	0	0	0	0	5	24	0	0	0	0	4	62	0	0	1
"rs139069525"	0	0	0	4	0	0	0	18	76	0	0	0	0	0	0	0	0	0
"rs1391814"	0	0	0	2	0	1	42	33	19	0	0	0	0	0	1	0	0	0
"rs139183362"	0	0	0	16	0	0	0	2	80	0	0	0	0	0	0	0	0	0
"rs1393914"	0	1	0	0	0	0	1	7	13	0	0	0	0	38	38	0	0	0
"rs139503531"	0	0	0	0	0	0	0	0	98	0	0	0	0	0	0	0	0	0
"rs139602716"	0	0	0	9	0	0	0	17	72	0	0	0	0	0	0	0	0	0
"rs139690492"	1	28	0	0	0	0	0	0	1	0	1	1	0	2	61	3	0	0
"rs139724724"	0	0	0	0	0	0	0	38	59	0	0	0	0	0	1	0	0	0
"rs139848178"	0	0	0	20	0	0	0	10	68	0	0	0	0	0	0	0	0	0
"rs139892572"	0	0	1	20	0	0	0	21	54	0	0	0	0	0	2	0	0	0
"rs139893364"	0	0	0	4	0	0	0	6	88	0	0	0	0	0	0	0	0	0
"rs139961830"	1	0	0	1	0	0	0	5	45	0	0	0	0	1	45	0	0	0
"rs140151327"	0	0	0	3	0	0	0	19	76	0	0	0	0	0	0	0	0	0
"rs140162370"	0	0	0	0	0	0	0	0	48	0	0	0	0	0	50	0	0	0
"rs140165045"	0	0	2	1	0	0	0	0	60	0	0	0	0	4	31	0	0	0
"rs1401753"	0	0	0	1	0	0	0	23	69	0	0	0	0	0	5	0	0	0
"rs140332194"	0	0	0	0	0	0	0	0	58	0	0	0	0	0	40	0	0	0
"rs140366331"	1	19	0	1	0	0	0	0	38	0	0	0	0	0	38	0	0	1
"rs140613962"	0	0	0	0	0	0	0	1	97	0	0	0	0	0	0	0	0	0
"rs140764661"	4	2	0	0	0	0	0	0	0	62	28	1	0	0	1	0	0	0
"rs140772186"	0	0	0	0	0	0	0	8	72	0	0	0	0	0	18	0	0	0
"rs140908662"	0	0	0	7	0	0	0	1	85	0	0	0	0	0	5	0	0	0
"rs140971918"	1	0	0	0	0	0	0	13	45	0	0	0	0	3	36	0	0	0
"rs1410045"	0	1	0	0	0	0	0	6	66	0	0	0	0	3	22	0	0	0
"rs1410047"	0	2	0	0	0	0	0	5	69	0	0	0	0	0	22	0	0	0
"rs1410050"	0	0	0	0	0	0	0	1	76	0	0	0	0	3	18	0	0	0
"rs1410464"	0	0	0	1	0	0	0	6	67	0	0	0	0	8	16	0	0	0
"rs141065402"	0	0	0	7	0	0	0	0	91	0	0	0	0	0	0	0	0	0
"rs141081507"	0	0	0	10	0	0	0	15	73	0	0	0	0	0	0	0	0	0
"rs141170577"	0	0	0	14	0	0	0	16	68	0	0	0	0	0	0	0	0	0
"rs141244418"	0	0	1	16	0	0	0	2	79	0	0	0	0	0	0	0	0	0
"rs141249852"	0	0	0	3	0	0	0	15	60	0	0	0	0	4	16	0	0	0
"rs141311263"	0	0	0	11	0	0	0	15	72	0	0	0	0	0	0	0	0	0
"rs141317814"	0	0	1	15	0	0	0	2	80	0	0	0	0	0	0	0	0	0
"rs141365745"	0	17	0	0	0	0	0	0	0	0	0	0	0	5	75	1	0	0
"rs141394132"	6	4	0	0	0	0	3	5	10	0	0	0	0	10	53	6	1	0
"rs141497012"	0	0	0	10	0	0	0	0	31	0	0	0	0	1	56	0	0	0
"rs141504344"	0	0	0	10	0	0	0	0	88	0	0	0	0	0	0	0	0	0
"rs141504854"	0	0	0	0	0	0	0	0	52	0	0	0	0	0	46	0	0	0
"rs141542359"	0	0	0	4	0	0	0	21	73	0	0	0	0	0	0	0	0	0
"rs141661304"	0	0	0	8	0	0	0	11	79	0	0	0	0	0	0	0	0	0
"rs141703257"	0	0	1	22	0	0	0	0	62	0	0	0	0	0	13	0	0	0
"rs141730975"	0	0	0	8	0	0	0	1	88	0	0	0	0	0	1	0	0	0
"rs141767320"	0	0	0	4	0	0	0	6	88	0	0	0	0	0	0	0	0	0
"rs1418032"	0	0	0	1	0	0	0	81	12	0	0	0	0	0	4	0	0	0
"rs141822594"	0	0	0	9	0	0	0	21	68	0	0	0	0	0	0	0	0	0
"rs1418269"	0	0	0	1	0	0	0	0	96	0	0	0	0	0	1	0	0	0
"rs141869165"	0	0	0	3	0	0	0	20	75	0	0	0	0	0	0	0	0	0
"rs141886963"	0	0	0	0	0	0	2	6	31	0	0	0	0	19	39	1	0	0
"rs141912273"	1	5	0	1	0	0	1	3	58	0	0	0	1	0	28	0	0	0
"rs141955974"	0	0	0	0	0	0	0	32	66	0	0	0	0	0	0	0	0	0
"rs142034432"	0	9	9	16	0	0	0	4	57	0	0	0	0	0	3	0	0	0
"rs142121889"	0	0	0	5	0	0	0	0	93	0	0	0	0	0	0	0	0	0
"rs142144855"	0	0	2	34	0	0	0	1	47	0	0	0	0	1	13	0	0	0
"rs142281329"	1	0	0	0	0	0	0	12	64	0	1	0	0	0	20	0	0	0
"rs142295643"	0	0	0	7	0	0	0	19	72	0	0	0	0	0	0	0	0	0
"rs142299490"	1	0	0	0	0	0	4	4	29	0	0	0	0	6	52	2	0	0
"rs1424305"	0	0	0	12	0	0	0	0	84	0	0	0	0	0	2	0	0	0
"rs142452609"	0	0	1	1	0	0	0	0	8	0	0	0	0	26	61	1	0	0
"rs142464531"	0	0	0	0	0	0	0	1	97	0	0	0	0	0	0	0	0	0
"rs142569222"	0	0	3	49	0	0	0	0	45	0	0	0	0	0	1	0	0	0
"rs1426207"	0	0	3	53	0	0	0	0	37	0	0	0	0	0	5	0	0	0
"rs142732041"	0	0	0	6	0	0	0	17	75	0	0	0	0	0	0	0	0	0
"rs142749455"	0	3	0	0	0	0	0	39	45	0	0	0	0	0	11	0	0	0
"rs142796246"	16	3	0	0	0	0	0	0	48	2	4	11	1	0	8	0	0	5
"rs142815855"	0	0	0	0	0	0	9	61	27	0	0	0	0	0	1	0	0	0
"rs142827177"	1	4	0	1	0	0	0	0	78	0	0	0	0	0	14	0	0	0
"rs142887541"	0	0	4	29	0	0	0	17	48	0	0	0	0	0	0	0	0	0
"rs142981572"	0	0	0	5	0	0	0	1	92	0	0	0	0	0	0	0	0	0
"rs143016572"	3	22	0	0	0	0	0	0	0	0	3	3	0	2	54	5	0	6
"rs143057876"	1	0	0	12	0	0	0	0	83	2	0	0	0	0	0	0	0	0
"rs143147461"	0	0	0	0	0	0	0	19	76	0	0	0	0	0	3	0	0	0
"rs143196960"	0	0	0	1	0	0	0	8	89	0	0	0	0	0	0	0	0	0
"rs143201267"	0	0	0	0	0	0	0	0	50	0	0	0	0	0	48	0	0	0
"rs143224793"	4	5	0	0	0	0	3	3	30	0	0	0	0	14	36	3	0	0
"rs1432285"	0	2	0	2	0	0	0	8	78	0	0	0	0	0	8	0	0	0
"rs1432286"	0	0	0	2	0	0	0	8	79	0	0	0	0	0	9	0	0	0
"rs1432287"	0	0	0	2	0	0	0	5	82	0	0	0	0	0	9	0	0	0
"rs1432289"	0	0	0	0	0	0	0	1	96	0	0	0	0	0	1	0	0	0
"rs143265468"	2	1	0	0	0	0	0	1	65	0	1	0	0	0	28	0	0	0
"rs143273766"	0	0	0	0	0	0	0	0	2	0	0	0	0	60	36	0	0	0
"rs143512015"	0	4	1	4	0	0	1	20	62	0	0	0	0	0	3	0	0	3
"rs143566893"	0	3	0	0	0	0	0	1	65	0	1	0	0	0	26	0	0	2
"rs143574952"	0	0	0	11	0	0	0	15	72	0	0	0	0	0	0	0	0	0
"rs143698265"	4	4	0	2	0	0	1	8	54	0	0	0	0	0	17	1	0	7
"rs143734755"	0	0	0	10	0	0	0	16	72	0	0	0	0	0	0	0	0	0
"rs143741597"	0	0	0	10	0	0	0	15	73	0	0	0	0	0	0	0	0	0
"rs143752280"	0	0	0	17	0	0	1	24	53	0	0	0	0	0	3	0	0	0
"rs143959478"	0	0	0	0	0	0	0	0	85	0	0	0	0	0	13	0	0	0
"rs144053599"	0	0	0	0	0	0	0	1	92	0	0	0	0	0	5	0	0	0
"rs144057816"	0	0	4	25	0	0	0	0	69	0	0	0	0	0	0	0	0	0
"rs144543125"	0	0	0	4	0	0	0	17	77	0	0	0	0	0	0	0	0	0
"rs144596915"	0	0	0	0	0	0	0	3	35	0	0	0	0	7	52	1	0	0
"rs144658491"	1	0	2	9	0	0	3	35	39	0	0	0	0	2	7	0	0	0
"rs144669457"	0	0	0	8	0	0	0	0	90	0	0	0	0	0	0	0	0	0
"rs144934757"	0	0	0	0	0	0	28	50	19	0	0	0	0	0	1	0	0	0
"rs145425962"	0	1	0	1	0	0	0	2	89	0	0	0	0	0	5	0	0	0
"rs145489759"	0	0	0	11	0	0	1	12	74	0	0	0	0	0	0	0	0	0
"rs145569838"	0	0	0	0	0	0	0	0	2	0	0	0	0	44	51	1	0	0
"rs1455894"	0	1	0	0	0	0	0	0	97	0	0	0	0	0	0	0	0	0
"rs1455903"	0	0	0	1	0	0	0	1	95	0	0	0	0	0	1	0	0	0
"rs145615508"	0	0	0	3	0	0	0	0	95	0	0	0	0	0	0	0	0	0
"rs145661784"	0	0	0	16	0	0	0	2	80	0	0	0	0	0	0	0	0	0
"rs145677339"	0	0	0	1	0	0	0	1	95	0	0	0	0	0	1	0	0	0
"rs145947872"	0	6	0	4	0	0	0	0	68	0	0	0	0	0	16	0	0	4
"rs146032896"	0	0	0	0	0	0	0	0	3	0	0	0	0	57	38	0	0	0
"rs146060215"	0	0	0	3	0	0	2	16	76	0	0	0	0	0	1	0	0	0
"rs146142923"	0	0	0	5	0	0	0	1	92	0	0	0	0	0	0	0	0	0
"rs146175608"	0	0	3	12	0	0	0	7	76	0	0	0	0	0	0	0	0	0
"rs146234700"	0	0	0	33	0	0	0	1	48	0	0	0	0	0	16	0	0	0
"rs146236328"	0	0	0	0	0	0	2	6	31	0	0	0	0	19	39	1	0	0
"rs146237746"	6	10	0	0	0	0	0	0	39	0	0	0	0	0	18	0	0	25
"rs146254799"	5	8	0	0	0	0	2	4	31	0	0	0	0	6	38	2	0	2
"rs146273161"	0	1	0	1	0	0	0	1	74	0	0	0	0	1	20	0	0	0
"rs146317848"	0	0	1	24	0	0	0	0	66	0	0	0	0	0	7	0	0	0
"rs146398725"	0	0	0	15	0	0	0	19	64	0	0	0	0	0	0	0	0	0
"rs146427742"	1	15	0	0	0	6	8	37	18	0	0	0	0	0	12	1	0	0
"rs146539048"	0	0	0	9	0	0	0	16	73	0	0	0	0	0	0	0	0	0
"rs146540993"	0	0	0	0	0	0	0	1	97	0	0	0	0	0	0	0	0	0
"rs146545834"	0	1	0	0	0	0	1	20	72	1	1	0	0	0	2	0	0	0
"rs146547440"	3	5	0	0	0	0	0	8	73	0	0	1	0	0	2	0	0	6
"rs146564785"	0	0	0	7	0	0	0	4	87	0	0	0	0	0	0	0	0	0
"rs146624800"	0	0	0	6	0	0	0	0	92	0	0	0	0	0	0	0	0	0
"rs146696110"	4	7	0	0	0	0	3	3	30	0	0	0	0	15	32	4	0	0
"rs146730726"	0	0	4	24	0	0	0	17	53	0	0	0	0	0	0	0	0	0
"rs146840138"	0	0	0	6	0	0	0	0	88	0	0	0	0	0	4	0	0	0
"rs146850358"	1	59	0	0	0	0	0	0	1	0	2	1	8	0	22	1	0	3
"rs146871608"	0	0	0	0	0	0	0	0	50	0	0	0	0	0	48	0	0	0
"rs146969112"	1	0	0	2	0	0	0	2	93	0	0	0	0	0	0	0	0	0
"rs1469970"	0	0	0	1	0	0	0	30	66	0	0	0	0	0	1	0	0	0
"rs1471425"	1	17	0	0	0	0	0	0	4	0	0	0	0	24	40	10	1	1
"rs147160443"	0	20	0	0	0	0	0	1	15	0	0	1	0	1	41	5	1	13
"rs147300013"	0	1	0	0	0	0	0	19	75	0	0	0	0	0	3	0	0	0
"rs147385796"	0	0	0	0	0	0	0	12	83	0	0	0	0	0	3	0	0	0
"rs147429900"	2	17	7	11	0	0	1	5	42	0	0	0	0	0	11	0	0	2
"rs147456421"	1	20	0	1	0	0	0	0	8	0	0	0	0	0	67	0	0	1
"rs1475225"	0	0	0	0	0	0	9	48	33	0	0	0	0	0	8	0	0	0
"rs147611796"	1	0	0	2	0	0	0	2	93	0	0	0	0	0	0	0	0	0
"rs147622350"	16	12	0	0	0	0	1	2	12	0	0	0	0	0	42	1	0	12
"rs1477073"	0	1	0	0	0	0	4	13	53	0	0	0	0	4	20	1	0	2
"rs147791291"	0	0	0	2	0	0	0	0	76	0	0	0	0	0	20	0	0	0
"rs147840085"	0	0	10	26	0	0	0	0	47	0	0	0	0	2	13	0	0	0
"rs147927780"	0	0	0	11	0	0	2	10	75	0	0	0	0	0	0	0	0	0
"rs147955561"	0	0	0	14	0	0	0	16	68	0	0	0	0	0	0	0	0	0
"rs147959466"	0	0	2	4	0	0	1	15	73	0	0	0	0	0	3	0	0	0
"rs147975650"	1	0	0	0	0	0	15	62	6	0	0	0	0	0	14	0	0	0
"rs148059692"	0	0	0	0	0	0	0	4	68	0	0	0	0	5	21	0	0	0
"rs148150003"	0	0	0	4	0	0	0	22	72	0	0	0	0	0	0	0	0	0
"rs148177788"	0	0	0	0	0	0	0	0	23	0	0	0	0	3	72	0	0	0
"rs148264852"	0	0	25	13	0	0	1	2	41	0	0	0	0	0	16	0	0	0
"rs148310003"	0	0	0	3	0	0	0	0	89	0	0	0	0	0	6	0	0	0
"rs148420223"	0	0	0	0	0	0	0	0	49	0	0	0	0	0	49	0	0	0
"rs148489092"	2	3	0	0	0	0	0	1	64	0	0	0	0	0	28	0	0	0
"rs148534740"	0	0	0	0	0	0	0	2	93	0	0	0	0	0	3	0	0	0
"rs148537393"	0	0	4	29	0	0	0	17	48	0	0	0	0	0	0	0	0	0
"rs148545778"	2	1	0	0	0	0	2	7	9	0	0	0	0	5	70	2	0	0
"rs148594315"	0	0	0	6	0	0	0	0	88	0	0	0	0	0	4	0	0	0
"rs148623776"	0	0	0	0	0	0	0	0	55	0	0	0	0	0	43	0	0	0
"rs148744509"	0	0	0	16	0	0	0	2	80	0	0	0	0	0	0	0	0	0
"rs148755060"	0	0	0	2	0	0	0	6	57	0	0	0	0	0	33	0	0	0
"rs148774910"	0	0	0	3	0	1	0	5	89	0	0	0	0	0	0	0	0	0
"rs148788267"	1	7	0	0	0	0	0	1	59	0	0	0	0	0	27	0	0	3
"rs148799299"	1	27	0	0	0	9	10	14	23	0	0	1	2	0	5	0	0	6
"rs148815221"	0	0	0	0	0	0	2	16	80	0	0	0	0	0	0	0	0	0
"rs148821437"	0	1	0	0	0	0	0	0	67	0	0	0	0	0	29	0	0	1
"rs148838071"	0	0	0	1	0	0	0	0	97	0	0	0	0	0	0	0	0	0
"rs149014416"	0	3	0	1	0	0	6	21	55	0	0	0	0	1	10	0	0	1
"rs149048913"	1	5	0	3	0	0	2	10	71	0	0	0	0	0	2	0	0	4
"rs149082879"	3	0	1	2	0	0	0	1	29	0	0	0	0	2	60	0	0	0
"rs149126895"	1	6	10	31	0	0	0	1	39	0	0	0	0	0	9	0	1	0
"rs149158404"	0	0	0	5	0	0	0	5	88	0	0	0	0	0	0	0	0	0
"rs149250655"	0	0	0	0	0	0	0	1	97	0	0	0	0	0	0	0	0	0
"rs149475380"	0	0	1	9	0	0	0	18	69	0	0	0	0	0	1	0	0	0
"rs149479707"	0	0	2	7	0	0	2	37	48	0	0	0	0	0	2	0	0	0
"rs149513271"	0	0	0	11	0	0	0	15	72	0	0	0	0	0	0	0	0	0
"rs149523088"	0	0	3	1	0	0	0	0	35	0	0	0	0	4	55	0	0	0
"rs149622196"	0	0	0	7	0	0	0	0	90	0	0	0	0	0	1	0	0	0
"rs149637318"	0	0	0	0	0	0	0	0	0	0	0	0	0	88	10	0	0	0
"rs149732642"	0	2	0	0	0	0	0	0	72	0	0	0	0	0	24	0	0	0
"rs149784936"	2	3	0	0	0	0	1	6	53	0	0	0	0	0	33	0	0	0
"rs149833222"	0	0	0	7	0	0	0	1	85	0	0	0	0	0	5	0	0	0
"rs149891738"	0	0	0	0	0	0	0	0	4	0	0	0	0	18	75	1	0	0
"rs150144827"	0	0	0	26	0	0	0	17	55	0	0	0	0	0	0	0	0	0
"rs150262713"	0	0	0	7	0	0	0	12	79	0	0	0	0	0	0	0	0	0
"rs150433043"	0	0	0	35	0	0	0	1	52	0	0	0	0	0	10	0	0	0
"rs150459968"	0	0	0	2	0	0	0	3	83	0	0	0	0	0	10	0	0	0
"rs150465283"	0	0	0	8	0	0	0	1	89	0	0	0	0	0	0	0	0	0
"rs150508928"	0	0	0	5	0	0	0	1	92	0	0	0	0	0	0	0	0	0
"rs150529619"	0	0	0	4	0	0	0	0	94	0	0	0	0	0	0	0	0	0
"rs150536985"	0	0	0	0	0	0	1	7	30	0	0	0	0	14	45	1	0	0
"rs150600275"	0	0	0	10	0	0	0	17	71	0	0	0	0	0	0	0	0	0
"rs150634154"	0	0	0	16	0	0	0	2	80	0	0	0	0	0	0	0	0	0
"rs150696826"	0	0	0	5	0	0	0	0	93	0	0	0	0	0	0	0	0	0
"rs150827175"	0	0	1	1	0	0	2	37	57	0	0	0	0	0	0	0	0	0
"rs150888090"	0	0	0	38	0	0	0	2	58	0	0	0	0	0	0	0	0	0
"rs150944526"	0	1	0	0	0	0	0	5	74	0	0	0	0	0	18	0	0	0
"rs151117320"	0	0	0	10	0	0	0	15	73	0	0	0	0	0	0	0	0	0
"rs151236571"	0	0	0	0	0	0	0	1	97	0	0	0	0	0	0	0	0	0
"rs151249869"	0	1	0	0	0	0	0	0	58	0	0	0	0	0	39	0	0	0
"rs1514186"	0	0	0	7	0	0	0	3	88	0	0	0	0	0	0	0	0	0
"rs1514191"	0	0	0	1	0	0	0	4	93	0	0	0	0	0	0	0	0	0
"rs1532722"	0	0	0	3	0	0	0	0	94	0	0	0	0	0	1	0	0	0
"rs1532763"	0	5	0	0	0	0	0	6	30	0	0	1	1	10	39	0	0	6
"rs1538676"	1	1	0	3	0	0	2	11	59	0	0	0	0	3	16	2	0	0
"rs1539214"	0	0	0	3	0	0	0	0	95	0	0	0	0	0	0	0	0	0
"rs1541111"	0	0	3	3	0	2	4	32	47	0	0	1	0	0	4	0	0	2
"rs1541564"	1	4	0	0	0	0	0	20	70	0	0	0	0	0	1	0	0	2
"rs1550247"	0	0	1	15	0	0	0	48	34	0	0	0	0	0	0	0	0	0
"rs1552207"	0	0	0	0	0	0	0	0	0	0	0	0	0	20	78	0	0	0
"rs1558001"	0	4	0	0	0	0	0	4	87	0	0	0	0	0	3	0	0	0
"rs1571867"	0	0	53	26	1	0	1	10	7	0	0	0	0	0	0	0	0	0
"rs1572957"	0	0	0	0	0	0	0	2	79	0	0	0	0	0	17	0	0	0
"rs1573189"	0	1	0	16	0	0	0	1	80	0	0	0	0	0	0	0	0	0
"rs1573190"	0	0	0	14	0	0	0	1	83	0	0	0	0	0	0	0	0	0
"rs1589246"	0	0	0	4	0	0	0	38	55	0	0	0	0	0	1	0	0	0
"rs1592160"	0	0	0	0	0	0	0	0	95	0	0	0	0	0	3	0	0	0
"rs1595420"	0	0	1	2	0	0	3	36	56	0	0	0	0	0	0	0	0	0
"rs1609997"	0	0	0	0	0	0	0	3	79	0	0	0	0	0	16	0	0	0
"rs1617031"	0	0	1	11	0	0	0	0	85	0	0	0	0	0	1	0	0	0
"rs16432"	0	2	0	0	0	0	0	0	9	0	0	0	0	40	46	1	0	0
"rs16863131"	20	14	0	0	0	0	0	1	18	0	0	0	0	0	38	0	0	7
"rs16880229"	0	2	0	0	0	0	0	0	92	0	0	0	0	0	3	0	0	1
"rs16924656"	0	5	0	0	0	0	0	6	62	0	0	0	0	0	24	0	0	1
"rs16924711"	0	1	0	0	0	0	2	9	55	0	0	0	0	0	31	0	0	0
"rs16924724"	1	0	0	0	0	0	1	10	65	0	0	0	0	1	19	0	1	0
"rs16951285"	0	0	0	9	0	0	1	23	58	0	0	0	0	0	7	0	0	0
"rs16987655"	0	0	1	15	0	0	0	5	77	0	0	0	0	0	0	0	0	0
"rs17024338"	0	0	1	13	0	0	3	33	48	0	0	0	0	0	0	0	0	0
"rs17024346"	1	1	4	22	0	0	0	31	39	0	0	0	0	0	0	0	0	0
"rs17024431"	0	0	0	5	0	0	2	27	63	0	0	0	0	0	1	0	0	0
"rs17053026"	0	0	0	2	0	0	0	30	66	0	0	0	0	0	0	0	0	0
"rs17054550"	0	0	0	0	0	0	0	0	54	0	0	0	0	0	44	0	0	0
"rs17094667"	0	0	0	1	0	0	2	7	76	0	1	0	0	0	11	0	0	0
"rs17104175"	0	3	0	3	0	0	0	20	71	0	0	0	0	0	1	0	0	0
"rs17104181"	1	3	0	4	0	0	1	17	72	0	0	0	0	0	0	0	0	0
"rs17104182"	0	2	0	4	0	0	1	20	71	0	0	0	0	0	0	0	0	0
"rs17117177"	1	3	2	35	0	0	0	1	43	0	0	0	0	2	7	3	1	0
"rs17117178"	0	3	2	34	0	0	0	1	45	0	0	0	0	0	10	1	1	1
"rs17117997"	0	0	0	4	0	0	0	0	94	0	0	0	0	0	0	0	0	0
"rs17117999"	0	0	0	4	0	0	0	0	94	0	0	0	0	0	0	0	0	0
"rs17118000"	0	0	0	4	0	0	0	0	94	0	0	0	0	0	0	0	0	0
"rs17124480"	0	2	0	0	0	0	0	16	80	0	0	0	0	0	0	0	0	0
"rs17128552"	0	3	0	0	0	0	0	0	88	0	0	0	0	0	7	0	0	0
"rs17128557"	2	11	0	0	0	0	0	1	80	0	0	0	0	0	2	0	0	2
"rs17171685"	0	0	0	0	0	0	0	1	89	0	0	0	0	0	8	0	0	0
"rs17171704"	1	1	0	1	0	0	0	2	93	0	0	0	0	0	0	0	0	0
"rs17200482"	0	0	0	0	0	0	0	6	82	0	0	0	0	0	10	0	0	0
"rs17204533"	0	6	0	0	0	0	0	14	62	0	0	0	1	2	13	0	0	0
"rs17204881"	0	0	0	3	0	0	0	10	63	0	0	0	0	1	21	0	0	0
"rs17238430"	1	0	0	0	0	0	0	3	91	0	0	0	0	0	3	0	0	0
"rs17239297"	0	2	0	2	0	0	0	4	90	0	0	0	0	0	0	0	0	0
"rs17244021"	0	0	0	0	0	0	0	0	56	0	0	0	0	5	37	0	0	0
"rs17302660"	0	0	0	1	0	0	0	6	89	0	0	0	0	0	2	0	0	0
"rs1731026"	1	3	0	1	0	0	0	6	44	0	0	0	0	0	42	0	0	1
"rs17476884"	0	0	0	0	0	0	0	0	1	0	0	0	0	23	72	2	0	0
"rs17480505"	1	1	0	0	0	0	0	10	65	0	0	0	0	0	17	0	0	4
"rs17483835"	5	6	1	0	0	2	18	21	20	0	0	2	0	0	14	0	0	9
"rs17548479"	0	0	0	0	0	0	0	6	88	0	0	0	0	0	4	0	0	0
"rs17548584"	0	0	0	0	0	0	2	7	85	0	0	0	0	0	4	0	0	0
"rs17585428"	1	1	0	0	0	0	0	9	63	0	0	0	0	0	24	0	0	0
"rs17649681"	0	8	0	0	0	0	0	4	53	0	0	0	0	0	31	0	0	2
"rs17710919"	0	0	0	5	0	0	0	1	91	0	0	0	0	0	1	0	0	0
"rs17716275"	1	6	6	9	0	1	5	24	41	0	0	0	0	0	5	0	0	0
"rs17766756"	0	0	0	0	0	0	0	2	95	0	0	0	0	0	1	0	0	0
"rs17835729"	0	0	0	1	0	0	0	2	95	0	0	0	0	0	0	0	0	0
"rs1784732"	0	2	0	16	0	0	0	5	70	0	0	0	0	0	5	0	0	0
"rs179521"	4	6	0	0	0	1	1	43	23	0	0	0	0	0	20	0	0	0
"rs180935426"	0	14	0	0	0	2	2	61	10	0	0	0	0	0	9	0	0	0
"rs1810895"	0	0	1	12	0	0	1	43	38	0	0	0	0	0	3	0	0	0
"rs1812081"	0	1	0	0	0	0	9	5	82	0	0	0	0	0	1	0	0	0
"rs1812857"	0	0	0	1	0	0	1	25	67	0	0	0	0	0	4	0	0	0
"rs181296501"	1	0	0	3	0	0	0	0	54	0	0	0	0	0	40	0	0	0
"rs181421880"	0	1	0	2	0	0	0	17	77	0	0	0	0	0	1	0	0	0
"rs181550434"	6	15	0	0	0	0	0	0	1	0	1	28	9	0	0	0	0	38
"rs1816384"	0	0	0	0	0	0	0	3	94	0	0	0	0	0	1	0	0	0
"rs1816385"	0	0	0	0	0	0	0	3	94	0	0	0	0	0	1	0	0	0
"rs1819410"	0	0	0	11	0	0	0	0	86	0	0	0	0	0	1	0	0	0
"rs1821182"	0	1	0	0	0	0	8	6	82	0	0	0	0	0	1	0	0	0
"rs183296534"	0	0	0	3	0	0	0	2	93	0	0	0	0	0	0	0	0	0
"rs1832996"	0	0	6	27	0	0	0	0	65	0	0	0	0	0	0	0	0	0
"rs1832997"	0	0	10	23	0	0	0	0	65	0	0	0	0	0	0	0	0	0
"rs1832998"	0	0	10	23	0	0	0	0	65	0	0	0	0	0	0	0	0	0
"rs1835816"	0	6	0	0	0	0	0	7	72	0	0	0	0	0	13	0	0	0
"rs1835817"	0	2	0	1	0	0	0	5	83	0	0	0	0	0	6	0	0	1
"rs1835818"	1	0	0	1	0	0	0	2	87	0	0	0	0	0	7	0	0	0
"rs1837142"	0	0	6	33	0	0	0	23	36	0	0	0	0	0	0	0	0	0
"rs183744708"	7	7	0	0	0	0	0	6	20	0	0	0	0	2	51	4	1	0
"rs183778335"	0	0	0	3	0	0	0	20	75	0	0	0	0	0	0	0	0	0
"rs184376940"	0	0	0	2	0	0	1	11	84	0	0	0	0	0	0	0	0	0
"rs184486436"	0	0	0	6	0	0	0	1	91	0	0	0	0	0	0	0	0	0
"rs184745284"	1	0	0	2	0	0	0	3	92	0	0	0	0	0	0	0	0	0
"rs1854164"	0	0	0	0	0	0	0	1	93	0	0	0	0	0	4	0	0	0
"rs185698898"	1	21	0	0	0	0	0	0	1	0	0	0	1	17	47	9	0	1
"rs1857100"	0	0	0	2	0	0	0	0	91	0	0	0	0	0	5	0	0	0
"rs186094593"	0	2	0	0	0	0	0	0	6	0	0	2	0	9	74	0	0	5
"rs186148850"	0	0	6	19	0	0	0	1	72	0	0	0	0	0	0	0	0	0
"rs1861519"	0	6	0	0	0	0	7	10	56	0	0	0	0	6	13	0	0	0
"rs186162523"	0	0	0	4	0	0	0	9	84	0	0	0	0	0	1	0	0	0
"rs186193988"	0	0	0	2	0	0	0	4	26	0	0	0	0	12	54	0	0	0
"rs1865585"	0	3	0	1	0	0	1	2	88	0	0	0	0	0	3	0	0	0
"rs186813119"	0	0	2	12	0	0	1	19	64	0	0	0	0	0	0	0	0	0
"rs1870428"	0	2	0	4	0	0	1	27	60	0	0	0	0	0	4	0	0	0
"rs1870429"	3	8	2	8	0	0	3	20	38	1	1	5	0	0	3	0	0	6
"rs1870430"	3	8	2	8	0	0	3	20	38	1	1	5	0	0	3	0	0	6
"rs187350796"	0	0	0	9	0	0	0	17	72	0	0	0	0	0	0	0	0	0
"rs187357037"	0	0	0	11	0	0	0	2	85	0	0	0	0	0	0	0	0	0
"rs187425296"	0	0	0	0	0	0	0	0	48	0	0	0	0	1	49	0	0	0
"rs1877720"	0	0	0	0	0	0	0	0	91	0	0	0	0	0	7	0	0	0
"rs188630236"	0	0	0	1	0	0	5	60	31	0	0	0	0	0	1	0	0	0
"rs1888847"	0	1	1	13	0	0	4	40	37	0	0	0	0	0	2	0	0	0
"rs1888848"	0	1	1	13	0	0	4	40	37	0	0	0	0	0	2	0	0	0
"rs188928429"	0	0	0	1	0	0	6	63	27	0	0	0	0	0	1	0	0	0
"rs188940632"	0	0	0	0	0	0	0	0	0	0	0	0	0	87	10	1	0	0
"rs1889874"	0	4	0	1	0	0	0	10	56	0	0	0	1	1	25	0	0	0
"rs189321790"	0	1	13	21	0	0	1	8	54	0	0	0	0	0	0	0	0	0
"rs189481418"	0	0	2	3	0	0	2	3	25	0	0	0	0	11	50	2	0	0
"rs1897356"	0	0	3	34	0	0	0	1	45	0	0	0	0	2	9	3	1	0
"rs1897427"	0	0	0	0	0	0	0	1	96	0	0	0	0	0	1	0	0	0
"rs1897429"	0	10	0	0	0	0	0	8	60	0	0	0	0	0	20	0	0	0
"rs1897432"	0	5	0	0	0	0	0	12	80	0	0	0	0	0	1	0	0	0
"rs190288799"	0	0	0	0	0	0	0	0	2	0	0	0	0	49	45	2	0	0
"rs1905259"	0	0	0	0	0	0	0	4	81	0	0	0	0	0	13	0	0	0
"rs191208868"	0	0	0	2	0	0	0	1	95	0	0	0	0	0	0	0	0	0
"rs191633123"	0	3	0	0	0	0	0	1	65	0	1	0	0	0	28	0	0	0
"rs191672606"	0	0	0	0	0	0	0	0	48	0	0	0	0	0	50	0	0	0
"rs191696255"	1	2	0	0	0	0	0	3	46	0	0	0	1	0	43	0	0	2
"rs1918846"	0	0	1	8	0	0	0	0	89	0	0	0	0	0	0	0	0	0
"rs192001834"	0	0	0	0	0	0	0	19	76	0	0	0	0	0	3	0	0	0
"rs192126917"	0	0	1	9	0	0	0	20	68	0	0	0	0	0	0	0	0	0
"rs192868041"	1	0	0	0	0	0	0	1	96	0	0	0	0	0	0	0	0	0
"rs192951295"	1	0	0	0	0	0	0	0	0	0	0	0	0	21	76	0	0	0
"rs1932594"	1	0	3	3	0	0	0	10	55	0	0	0	0	1	25	0	0	0
"rs1932595"	1	0	3	3	0	0	0	10	55	0	0	0	0	1	25	0	0	0
"rs1942920"	0	1	0	0	0	0	2	28	66	0	0	0	0	0	1	0	0	0
"rs1947899"	0	0	0	0	0	0	0	8	86	0	0	0	0	0	4	0	0	0
"rs1949931"	0	0	0	9	0	0	0	4	82	0	0	0	0	0	3	0	0	0
"rs1951892"	2	6	0	1	0	0	0	1	86	0	0	0	1	0	1	0	0	0
"rs1951893"	2	6	0	1	0	0	0	1	86	0	0	0	1	0	1	0	0	0
"rs1952841"	0	0	1	19	0	0	0	1	77	0	0	0	0	0	0	0	0	0
"rs1952842"	0	0	1	18	0	0	0	0	79	0	0	0	0	0	0	0	0	0
"rs1952844"	0	0	1	14	0	0	0	0	82	0	0	0	0	0	1	0	0	0
"rs1952845"	0	0	1	14	0	0	0	0	82	0	0	0	0	0	1	0	0	0
"rs1954242"	0	0	0	4	0	0	0	0	94	0	0	0	0	0	0	0	0	0
"rs1954245"	0	0	0	4	0	0	0	0	94	0	0	0	0	0	0	0	0	0
"rs1954246"	0	0	0	4	0	0	0	0	94	0	0	0	0	0	0	0	0	0
"rs1958755"	0	0	1	19	0	0	0	2	76	0	0	0	0	0	0	0	0	0
"rs1958763"	0	0	3	13	0	0	0	0	82	0	0	0	0	0	0	0	0	0
"rs1958764"	0	0	3	13	0	0	0	0	82	0	0	0	0	0	0	0	0	0
"rs1958765"	0	2	1	15	0	0	0	1	79	0	0	0	0	0	0	0	0	0
"rs1965937"	8	3	0	2	0	1	0	8	71	0	0	0	0	0	2	0	0	3
"rs1966628"	0	5	0	0	0	0	0	5	82	0	0	0	0	0	6	0	0	0
"rs1967112"	0	1	0	0	0	0	0	1	42	0	0	0	0	1	53	0	0	0
"rs1977147"	0	0	0	0	0	0	0	2	79	0	0	0	0	0	17	0	0	0
"rs1977554"	0	0	7	66	0	0	0	15	10	0	0	0	0	0	0	0	0	0
"rs1977814"	0	0	0	5	0	0	0	0	93	0	0	0	0	0	0	0	0	0
"rs1991071"	0	0	0	12	0	0	0	0	84	0	0	0	0	0	2	0	0	0
"rs1994848"	0	1	0	21	0	0	0	8	67	0	0	0	0	0	1	0	0	0
"rs1994849"	0	1	0	21	0	0	0	8	67	0	0	0	0	0	1	0	0	0
"rs199585264"	0	0	0	2	0	0	0	3	93	0	0	0	0	0	0	0	0	0
"rs199742561"	0	0	0	0	0	0	0	0	11	0	0	0	0	6	81	0	0	0
"rs199766078"	0	0	0	17	0	0	0	0	71	0	0	0	0	0	10	0	0	0
"rs199906927"	0	0	0	9	0	0	0	0	89	0	0	0	0	0	0	0	0	0
"rs199914592"	0	0	0	2	0	0	0	5	91	0	0	0	0	0	0	0	0	0
"rs199919063"	1	0	0	0	0	0	0	12	64	0	1	0	0	0	20	0	0	0
"rs200081313"	7	3	0	0	0	0	0	1	64	0	1	0	0	0	21	0	0	1
"rs200093257"	0	0	0	7	0	0	0	5	86	0	0	0	0	0	0	0	0	0
"rs200105634"	0	0	0	6	0	0	0	4	60	0	0	0	0	0	28	0	0	0
"rs200174962"	0	0	1	0	0	0	0	3	63	0	0	0	0	0	30	0	0	1
"rs200179379"	0	0	0	11	0	0	0	0	86	0	0	0	0	0	1	0	0	0
"rs2001841"	0	0	0	4	0	0	0	3	91	0	0	0	0	0	0	0	0	0
"rs200190171"	2	2	0	0	0	0	0	0	88	0	0	0	0	0	6	0	0	0
"rs200223899"	3	4	0	12	0	0	0	1	76	0	0	0	0	0	1	0	0	1
"rs200237261"	0	0	0	0	0	0	0	0	42	0	0	0	0	0	56	0	0	0
"rs200306578"	0	2	0	0	0	0	0	8	68	0	0	0	0	0	19	0	0	1
"rs200334508"	0	0	0	0	0	0	0	0	11	0	0	0	0	6	81	0	0	0
"rs200354251"	0	0	0	0	0	0	0	0	11	0	0	0	0	6	81	0	0	0
"rs200380105"	5	1	0	0	0	0	4	4	28	0	0	0	0	6	48	2	0	0
"rs200386286"	0	0	0	4	0	0	0	0	94	0	0	0	0	0	0	0	0	0
"rs200390855"	0	0	0	4	0	0	0	0	94	0	0	0	0	0	0	0	0	0
"rs2006787"	0	0	0	1	0	0	1	25	67	0	0	0	0	0	4	0	0	0
"rs200683497"	0	0	0	6	0	0	0	7	85	0	0	0	0	0	0	0	0	0
"rs200722723"	0	0	0	8	0	0	0	0	90	0	0	0	0	0	0	0	0	0
"rs200809325"	0	0	0	6	0	0	0	0	92	0	0	0	0	0	0	0	0	0
"rs2008849"	0	0	0	23	0	0	1	4	69	0	0	0	0	0	1	0	0	0
"rs200898932"	0	0	1	12	0	0	0	2	82	0	0	0	0	0	0	0	0	1
"rs200955250"	0	0	0	4	0	0	0	0	94	0	0	0	0	0	0	0	0	0
"rs201083487"	0	0	0	0	0	0	0	6	88	0	0	0	0	0	4	0	0	0
"rs201101212"	0	0	0	12	0	0	0	1	85	0	0	0	0	0	0	0	0	0
"rs201303803"	0	0	0	2	0	0	0	4	71	0	0	0	0	0	21	0	0	0
"rs201346545"	0	0	0	5	0	0	0	0	93	0	0	0	0	0	0	0	0	0
"rs201386646"	0	0	2	11	0	0	0	3	82	0	0	0	0	0	0	0	0	0
"rs201386833"	0	0	0	19	0	0	0	3	76	0	0	0	0	0	0	0	0	0
"rs201392744"	0	0	0	0	0	0	0	9	67	0	0	0	0	0	22	0	0	0
"rs201404066"	0	0	0	0	0	0	0	0	11	0	0	0	0	6	81	0	0	0
"rs201424445"	5	6	0	0	0	0	0	1	62	0	1	0	0	0	18	0	0	5
"rs201450565"	0	6	0	0	0	0	0	0	15	0	0	0	1	0	76	0	0	0
"rs201608472"	0	0	0	8	0	0	0	0	31	0	0	0	0	0	59	0	0	0
"rs201641097"	0	0	1	16	0	0	0	0	79	0	0	0	0	0	2	0	0	0
"rs201688455"	0	0	1	20	0	0	0	0	77	0	0	0	0	0	0	0	0	0
"rs201712469"	0	0	0	5	0	0	0	0	93	0	0	0	0	0	0	0	0	0
"rs201783173"	0	0	0	6	0	0	0	0	92	0	0	0	0	0	0	0	0	0
"rs201849450"	0	0	19	11	0	0	0	0	3	0	0	0	0	25	40	0	0	0
"rs201949179"	0	0	0	6	0	0	0	0	92	0	0	0	0	0	0	0	0	0
"rs201980043"	0	0	0	1	0	0	0	0	97	0	0	0	0	0	0	0	0	0
"rs202013048"	0	2	0	9	0	0	0	0	86	0	0	0	0	0	1	0	0	0
"rs202018260"	0	0	0	7	0	0	0	4	59	0	0	0	0	0	28	0	0	0
"rs202161241"	0	0	0	4	0	0	0	3	91	0	0	0	0	0	0	0	0	0
"rs202170322"	0	0	0	0	0	0	0	0	5	0	0	0	0	33	60	0	0	0
"rs202170665"	1	1	0	0	0	0	1	8	83	0	0	0	0	0	4	0	0	0
"rs2024157"	2	1	1	3	0	0	4	18	64	0	0	0	0	0	5	0	0	0
"rs2024733"	0	3	0	0	0	0	0	1	78	0	0	0	0	0	16	0	0	0
"rs2024734"	0	4	0	0	0	0	0	1	78	0	0	0	0	0	15	0	0	0
"rs2026128"	0	0	0	11	0	0	0	0	86	0	0	0	0	0	1	0	0	0
"rs2056148"	0	0	1	6	0	0	0	0	91	0	0	0	0	0	0	0	0	0
"rs2056149"	0	0	1	6	0	0	0	0	91	0	0	0	0	0	0	0	0	0
"rs2056150"	0	0	1	6	0	0	0	0	91	0	0	0	0	0	0	0	0	0
"rs2077800"	0	3	0	0	0	0	1	15	55	0	0	0	0	5	18	0	0	1
"rs2080296"	0	0	0	0	0	0	0	13	84	0	0	0	0	0	1	0	0	0
"rs2083149"	0	0	9	34	0	0	0	17	38	0	0	0	0	0	0	0	0	0
"rs2086502"	0	0	0	15	0	0	0	0	82	0	0	0	0	0	1	0	0	0
"rs2095031"	0	1	9	10	0	0	4	35	37	0	0	0	0	0	2	0	0	0
"rs2101724"	1	9	0	0	0	0	0	0	27	0	0	0	0	14	40	5	0	2
"rs2106507"	1	1	0	0	0	0	0	0	91	0	0	0	0	0	5	0	0	0
"rs2113356"	0	0	0	12	0	0	0	1	85	0	0	0	0	0	0	0	0	0
"rs2113357"	0	0	0	12	0	0	0	1	85	0	0	0	0	0	0	0	0	0
"rs2113358"	0	0	0	12	0	0	0	1	85	0	0	0	0	0	0	0	0	0
"rs2114486"	0	0	6	34	0	0	0	1	36	0	0	0	0	5	16	0	0	0
"rs2115040"	0	0	0	0	0	0	0	43	53	0	0	0	0	0	2	0	0	0
"rs2138606"	1	32	0	0	0	2	0	4	40	0	0	0	3	0	14	0	0	2
"rs2139399"	3	2	0	6	0	0	0	3	78	4	1	0	0	0	1	0	0	0
"rs2146858"	0	1	0	0	0	1	7	49	33	0	0	0	1	0	6	0	0	0
"rs2148876"	0	2	1	5	0	0	0	5	64	0	0	0	0	1	20	0	0	0
"rs2148879"	0	0	3	6	0	0	0	5	64	0	0	0	0	0	20	0	0	0
"rs2149836"	0	0	0	0	0	0	0	7	75	0	0	0	0	0	16	0	0	0
"rs2153751"	0	0	0	8	0	0	0	0	90	0	0	0	0	0	0	0	0	0
"rs2161755"	0	0	0	11	0	0	0	1	86	0	0	0	0	0	0	0	0	0
"rs2163653"	0	0	0	0	0	0	0	3	89	0	0	0	0	0	6	0	0	0
"rs2163654"	0	2	0	0	0	0	0	9	60	0	0	0	0	0	27	0	0	0
"rs2169749"	1	9	0	0	0	0	0	6	63	0	0	0	0	0	18	0	0	1
"rs2176179"	0	0	1	10	0	0	0	0	87	0	0	0	0	0	0	0	0	0
"rs2181742"	1	4	0	2	0	0	0	1	87	0	0	0	0	0	2	0	0	1
"rs2181743"	1	4	0	2	0	0	0	1	87	0	0	0	0	0	2	0	0	1
"rs2182749"	0	0	4	5	0	0	0	5	64	0	0	0	0	0	20	0	0	0
"rs2192703"	0	0	0	0	0	0	0	13	84	0	0	0	0	0	1	0	0	0
"rs2209785"	0	0	0	0	0	0	0	18	56	0	0	0	0	6	18	0	0	0
"rs2211243"	1	45	0	0	0	0	0	0	0	0	6	0	10	0	35	0	0	1
"rs2211492"	0	0	0	20	0	0	0	0	78	0	0	0	0	0	0	0	0	0
"rs2211493"	0	0	0	24	0	0	0	0	74	0	0	0	0	0	0	0	0	0
"rs2214823"	0	0	0	0	0	0	0	4	89	0	0	0	0	0	5	0	0	0
"rs2222279"	0	1	0	7	0	0	0	6	74	0	0	0	0	0	3	0	0	7
"rs2253659"	3	7	0	0	0	0	0	16	66	0	0	0	0	0	1	0	0	5
"rs2254156"	0	0	0	0	0	0	0	1	75	0	0	0	0	6	16	0	0	0
"rs2254165"	0	0	0	0	0	0	0	1	75	0	0	0	0	6	16	0	0	0
"rs2274484"	0	0	0	0	0	0	0	18	56	0	0	0	0	5	19	0	0	0
"rs2306375"	18	14	0	0	0	0	0	1	18	0	0	1	0	0	40	0	0	6
"rs2306376"	18	14	0	0	0	0	0	1	18	0	0	1	0	0	40	0	0	6
"rs2306377"	17	14	0	0	0	0	0	1	18	0	0	1	0	0	41	0	0	6
"rs2306378"	17	14	0	0	0	0	0	1	18	0	0	1	0	0	41	0	0	6
"rs2309854"	0	1	2	26	0	0	0	23	45	0	0	0	0	0	1	0	0	0
"rs2320935"	2	4	0	0	0	0	0	10	61	0	0	0	0	0	18	0	0	3
"rs2323652"	0	0	1	9	0	0	0	27	57	0	0	0	0	0	4	0	0	0
"rs2323653"	0	0	0	8	0	0	0	29	57	0	0	0	0	0	4	0	0	0
"rs2329772"	6	5	0	5	0	0	0	0	68	0	0	0	0	0	4	0	0	10
"rs2329774"	0	0	12	38	0	0	0	0	48	0	0	0	0	0	0	0	0	0
"rs2329775"	0	0	7	42	0	0	0	0	49	0	0	0	0	0	0	0	0	0
"rs2333213"	0	0	1	20	0	0	0	2	74	0	0	0	0	0	1	0	0	0
"rs2333214"	0	0	1	20	0	0	0	2	74	0	0	0	0	0	1	0	0	0
"rs2341884"	0	4	0	0	0	0	0	1	64	0	0	0	0	0	29	0	0	0
"rs2347387"	0	3	0	1	0	0	0	0	91	0	0	0	1	0	2	0	0	0
"rs2347388"	0	2	1	0	0	0	0	0	93	0	0	1	0	0	1	0	0	0
"rs2347392"	0	0	0	6	0	0	0	0	92	0	0	0	0	0	0	0	0	0
"rs2367055"	0	1	0	0	0	0	0	11	71	0	0	0	0	0	15	0	0	0
"rs2373702"	0	0	0	0	0	0	0	17	79	0	0	0	0	0	2	0	0	0
"rs2376154"	1	0	0	7	0	0	0	7	78	0	0	0	0	0	5	0	0	0
"rs2410212"	0	0	1	22	0	0	0	10	62	0	0	0	0	1	2	0	0	0
"rs2416012"	0	0	0	6	0	0	0	0	92	0	0	0	0	0	0	0	0	0
"rs2418081"	0	0	0	0	0	0	0	3	92	0	0	0	0	0	3	0	0	0
"rs2452925"	0	0	0	0	0	0	0	1	88	0	0	0	0	0	9	0	0	0
"rs2481767"	0	0	0	16	0	0	0	0	82	0	0	0	0	0	0	0	0	0
"rs2587480"	1	4	0	2	0	1	4	8	52	0	0	1	0	2	13	3	0	7
"rs2616554"	2	19	0	0	0	0	0	0	9	0	0	0	0	1	66	0	0	1
"rs2623085"	0	0	0	0	0	0	0	0	53	0	0	0	0	12	33	0	0	0
"rs2767462"	0	0	0	5	0	0	0	1	89	0	0	0	0	0	3	0	0	0
"rs2769339"	2	4	0	0	0	0	0	0	14	0	0	1	0	9	61	3	1	3
"rs2775280"	0	2	1	22	0	0	0	1	72	0	0	0	0	0	0	0	0	0
"rs2775281"	0	0	1	17	0	0	0	0	80	0	0	0	0	0	0	0	0	0
"rs2775283"	0	0	1	14	0	0	0	0	83	0	0	0	0	0	0	0	0	0
"rs2775284"	0	0	1	17	0	0	0	0	80	0	0	0	0	0	0	0	0	0
"rs2775287"	0	0	1	15	0	0	0	0	82	0	0	0	0	0	0	0	0	0
"rs2775289"	0	0	1	16	0	0	0	0	81	0	0	0	0	0	0	0	0	0
"rs2775292"	0	0	1	15	0	0	0	0	82	0	0	0	0	0	0	0	0	0
"rs2781264"	0	0	3	3	0	0	0	2	68	0	1	0	0	2	19	0	0	0
"rs2781268"	0	0	0	0	0	0	0	1	77	0	0	0	0	1	19	0	0	0
"rs2787876"	0	0	0	1	0	1	8	13	75	0	0	0	0	0	0	0	0	0
"rs2787880"	1	8	0	0	0	0	0	6	52	0	0	0	0	0	31	0	0	0
"rs2794256"	1	9	0	0	0	0	0	1	75	0	0	0	0	0	12	0	0	0
"rs2794257"	0	0	0	0	0	0	0	3	95	0	0	0	0	0	0	0	0	0
"rs2798129"	0	0	0	0	0	0	0	16	81	0	0	0	0	0	1	0	0	0
"rs2807805"	0	0	1	14	0	0	0	2	81	0	0	0	0	0	0	0	0	0
"rs2807806"	0	3	1	16	0	0	0	1	76	0	0	0	0	0	0	0	0	1
"rs2807813"	0	0	1	15	0	0	0	0	82	0	0	0	0	0	0	0	0	0
"rs2807814"	0	0	1	15	0	0	0	0	82	0	0	0	0	0	0	0	0	0
"rs2807816"	0	0	1	19	0	0	0	0	78	0	0	0	0	0	0	0	0	0
"rs2807820"	0	0	1	22	0	0	0	1	74	0	0	0	0	0	0	0	0	0
"rs2816546"	0	0	0	17	0	0	0	1	80	0	0	0	0	0	0	0	0	0
"rs2816547"	0	0	0	17	0	0	0	1	80	0	0	0	0	0	0	0	0	0
"rs28420291"	25	9	0	0	0	0	0	1	16	0	0	5	0	0	8	0	0	34
"rs28562163"	2	8	0	0	0	0	0	2	16	0	0	0	0	0	67	2	0	1
"rs2856838"	1	0	0	1	0	0	1	5	76	1	0	1	0	0	9	0	2	1
"rs28583710"	0	0	1	9	0	0	3	12	73	0	0	0	0	0	0	0	0	0
"rs28602797"	0	0	0	11	0	0	1	14	72	0	0	0	0	0	0	0	0	0
"rs28605680"	0	0	1	9	0	0	3	12	73	0	0	0	0	0	0	0	0	0
"rs28611173"	0	0	1	10	0	0	3	12	72	0	0	0	0	0	0	0	0	0
"rs28618244"	0	0	0	2	0	0	0	6	90	0	0	0	0	0	0	0	0	0
"rs2862226"	0	0	0	0	0	0	0	2	37	0	0	0	0	19	40	0	0	0
"rs2865929"	0	0	1	3	0	0	0	0	94	0	0	0	0	0	0	0	0	0
"rs2865930"	0	0	1	3	0	0	0	0	94	0	0	0	0	0	0	0	0	0
"rs28677989"	0	1	0	0	0	0	0	1	82	0	0	0	0	0	13	0	0	1
"rs28705034"	0	0	0	0	0	0	8	23	67	0	0	0	0	0	0	0	0	0
"rs2871351"	0	0	0	2	0	0	0	20	73	0	0	0	0	0	3	0	0	0
"rs2874399"	0	7	0	0	0	0	0	3	78	0	0	0	0	0	9	0	0	1
"rs2875717"	0	0	0	1	0	0	0	81	12	0	0	0	0	0	4	0	0	0
"rs2875736"	0	1	0	0	0	0	0	0	0	0	0	0	0	74	20	3	0	0
"rs2886524"	0	0	1	5	0	0	0	3	89	0	0	0	0	0	0	0	0	0
"rs2889323"	0	0	1	5	0	0	0	15	74	0	0	0	0	0	3	0	0	0
"rs2893392"	0	1	0	19	0	0	0	17	61	0	0	0	0	0	0	0	0	0
"rs2900509"	0	0	0	0	0	0	0	2	88	0	0	0	0	0	8	0	0	0
"rs2912593"	0	0	2	44	0	0	0	1	29	0	0	0	0	2	20	0	0	0
"rs2946160"	3	13	0	0	0	0	0	7	62	0	0	1	2	0	3	0	0	7
"rs2946164"	1	4	0	0	0	0	0	9	71	0	0	0	0	0	12	0	0	1
"rs2946167"	0	0	0	1	0	0	1	17	67	0	0	0	0	0	12	0	0	0
"rs2946168"	0	0	0	1	0	0	1	17	67	0	0	0	0	0	12	0	0	0
"rs2946169"	0	0	0	1	0	0	1	17	67	0	0	0	0	0	12	0	0	0
"rs2946171"	0	0	0	0	0	0	0	14	77	0	0	0	0	0	7	0	0	0
"rs2946174"	1	0	0	0	0	0	0	14	77	0	0	0	0	0	6	0	0	0
"rs2946175"	1	0	0	0	0	0	0	14	77	0	0	0	0	0	6	0	0	0
"rs2946179"	2	0	0	0	0	0	0	12	70	0	0	0	0	0	14	0	0	0
"rs2963455"	1	0	0	0	0	0	0	14	77	0	0	0	0	0	6	0	0	0
"rs2963456"	1	5	0	0	0	0	3	20	58	0	0	0	0	0	11	0	0	0
"rs2963457"	0	2	0	0	0	0	1	23	60	0	0	0	0	0	12	0	0	0
"rs2963458"	0	0	0	0	0	0	2	24	64	0	0	0	0	0	7	0	0	1
"rs2963462"	0	0	0	1	0	0	0	13	77	0	0	0	0	0	7	0	0	0
"rs2963463"	0	0	0	4	0	0	0	9	75	0	0	0	0	0	10	0	0	0
"rs2964481"	3	5	0	0	0	0	0	9	72	0	0	0	0	0	7	0	0	2
"rs2964484"	1	0	0	1	0	0	0	13	77	0	0	0	0	0	5	0	0	1
"rs2964485"	0	1	0	0	0	0	1	25	66	0	0	0	0	0	5	0	0	0
"rs2964487"	6	7	0	0	0	0	4	15	49	0	0	0	0	0	14	0	0	3
"rs2964488"	0	1	0	1	0	0	1	17	67	0	0	0	0	0	11	0	0	0
"rs2964489"	0	0	0	0	0	0	0	14	77	0	0	0	0	0	7	0	0	0
"rs2964490"	0	0	0	0	0	0	0	15	76	0	0	0	0	0	7	0	0	0
"rs2964491"	1	0	0	0	0	0	0	14	77	0	0	0	0	0	6	0	0	0
"rs2964492"	1	0	0	0	0	0	0	14	77	0	0	0	0	0	6	0	0	0
"rs2986668"	0	0	0	0	0	0	0	1	77	0	0	0	0	1	19	0	0	0
"rs2986671"	0	0	0	0	0	0	0	4	67	0	0	0	0	4	23	0	0	0
"rs3087925"	0	0	0	0	0	0	0	6	17	0	0	0	0	28	45	0	0	2
"rs3088007"	4	31	0	0	2	3	3	2	3	1	1	0	1	1	36	8	2	0
"rs3214938"	18	14	0	0	0	0	0	1	18	0	0	1	0	0	40	0	0	6
"rs33994542"	3	6	0	0	0	0	0	1	80	0	0	0	0	0	8	0	0	0
"rs33997695"	0	0	0	3	0	0	0	9	85	0	0	0	0	0	1	0	0	0
"rs34058459"	0	0	0	0	0	0	0	1	92	0	0	0	0	0	5	0	0	0
"rs34061305"	0	8	0	1	0	1	7	37	39	0	0	0	0	0	5	0	0	0
"rs34062516"	0	0	0	1	0	0	0	2	59	0	0	0	0	19	17	0	0	0
"rs34062701"	3	15	0	0	0	0	0	0	4	0	0	0	0	0	75	0	0	1
"rs34135416"	0	0	0	1	0	0	0	0	95	0	0	0	0	0	2	0	0	0
"rs34258881"	0	3	1	19	0	0	0	1	74	0	0	0	0	0	0	0	0	0
"rs34280814"	0	0	0	0	0	0	1	26	71	0	0	0	0	0	0	0	0	0
"rs34288836"	0	0	0	0	0	0	0	2	91	0	0	0	0	1	4	0	0	0
"rs34317750"	1	14	0	0	0	0	0	0	33	0	0	0	0	13	36	1	0	0
"rs34330431"	0	0	0	5	0	0	0	1	91	0	0	0	0	0	1	0	0	0
"rs34333207"	0	14	0	1	0	0	0	0	8	0	0	0	0	0	75	0	0	0
"rs34355183"	0	0	0	0	0	0	2	60	33	0	0	0	0	0	3	0	0	0
"rs34373113"	0	0	0	5	0	0	0	3	90	0	0	0	0	0	0	0	0	0
"rs34382473"	0	0	0	2	0	0	0	0	96	0	0	0	0	0	0	0	0	0
"rs34389077"	0	0	0	8	0	0	0	0	89	0	0	0	0	0	1	0	0	0
"rs34398005"	0	0	0	1	0	0	0	0	96	0	0	0	0	0	1	0	0	0
"rs34416761"	0	0	0	2	0	0	0	0	88	0	0	0	0	0	8	0	0	0
"rs34427491"	0	0	0	0	0	0	1	11	85	0	0	0	0	0	1	0	0	0
"rs34478115"	0	0	0	0	0	0	0	1	93	0	0	0	0	0	4	0	0	0
"rs34483205"	0	0	0	11	0	0	0	0	86	0	0	0	0	0	1	0	0	0
"rs34487990"	0	0	0	0	0	0	0	1	97	0	0	0	0	0	0	0	0	0
"rs34488945"	0	0	0	0	0	0	1	6	50	0	0	0	0	0	41	0	0	0
"rs34489300"	0	0	0	8	0	0	0	13	77	0	0	0	0	0	0	0	0	0
"rs34514373"	4	8	0	0	0	0	0	0	81	0	0	0	0	0	3	0	0	2
"rs34515112"	0	0	1	17	0	0	0	2	78	0	0	0	0	0	0	0	0	0
"rs34569371"	0	0	0	4	0	0	0	3	91	0	0	0	0	0	0	0	0	0
"rs34576920"	1	6	0	0	0	0	0	0	30	0	0	0	0	3	56	2	0	0
"rs34626468"	0	0	16	40	0	0	1	14	27	0	0	0	0	0	0	0	0	0
"rs34635471"	0	7	0	2	0	0	0	37	50	0	0	0	0	0	2	0	0	0
"rs34667384"	0	0	0	1	0	0	0	5	92	0	0	0	0	0	0	0	0	0
"rs34680328"	3	5	0	0	0	0	0	0	87	0	0	0	0	0	0	0	0	3
"rs34690225"	0	0	0	5	0	0	0	1	91	0	0	0	0	0	1	0	0	0
"rs34691939"	0	0	0	6	0	0	1	28	59	0	0	0	0	0	4	0	0	0
"rs34705757"	1	0	0	0	0	0	0	1	95	0	0	0	0	0	1	0	0	0
"rs34708170"	1	1	1	7	0	0	0	0	81	0	5	0	0	0	2	0	0	0
"rs34712279"	0	0	0	3	0	0	0	20	72	0	0	0	0	0	3	0	0	0
"rs34716440"	1	10	0	2	0	0	0	7	59	0	0	0	0	0	18	0	0	1
"rs34722847"	0	0	1	18	0	0	0	2	77	0	0	0	0	0	0	0	0	0
"rs34760299"	0	0	0	4	0	0	0	0	92	0	0	0	0	0	2	0	0	0
"rs34761392"	2	1	0	1	0	0	0	6	44	0	0	0	0	1	43	0	0	0
"rs34766610"	0	1	0	0	0	0	0	9	86	0	0	0	0	0	2	0	0	0
"rs34774271"	1	1	0	0	0	0	0	0	27	0	0	0	0	0	69	0	0	0
"rs34801410"	0	0	0	6	0	0	1	28	59	0	0	0	0	0	4	0	0	0
"rs34876294"	0	0	0	5	0	0	0	1	91	0	0	0	0	0	1	0	0	0
"rs34900888"	0	0	0	8	0	0	1	6	83	0	0	0	0	0	0	0	0	0
"rs34920695"	0	0	0	4	0	0	0	0	94	0	0	0	0	0	0	0	0	0
"rs34931663"	1	22	0	0	0	0	0	0	30	0	0	0	0	0	38	0	0	7
"rs34946483"	0	0	0	1	0	0	0	0	94	0	0	0	0	0	3	0	0	0
"rs34946723"	0	0	0	2	0	0	0	4	92	0	0	0	0	0	0	0	0	0
"rs35038452"	1	6	0	0	0	0	0	0	30	0	0	0	0	3	56	2	0	0
"rs35053988"	0	0	1	1	0	0	0	0	64	0	0	0	0	0	32	0	0	0
"rs35075273"	0	0	0	10	0	0	0	0	88	0	0	0	0	0	0	0	0	0
"rs35075696"	0	0	2	13	0	0	0	36	47	0	0	0	0	0	0	0	0	0
"rs35086610"	1	1	0	0	0	0	0	0	2	0	0	0	0	27	67	0	0	0
"rs35097401"	27	6	4	1	0	0	1	13	24	0	0	2	0	0	0	0	0	20
"rs35106467"	0	0	0	0	0	0	0	3	94	0	0	0	0	0	1	0	0	0
"rs35113467"	0	2	0	2	0	0	5	30	48	0	0	0	0	1	10	0	0	0
"rs35187072"	0	0	0	5	0	0	0	2	90	0	0	0	0	0	1	0	0	0
"rs35269318"	0	0	0	6	0	0	0	5	86	0	0	0	0	0	1	0	0	0
"rs35287421"	0	2	0	0	0	0	0	0	96	0	0	0	0	0	0	0	0	0
"rs35323735"	0	2	1	7	0	0	0	1	86	0	0	0	0	0	1	0	0	0
"rs35326002"	7	6	0	0	0	0	0	11	46	1	1	3	0	0	20	0	0	3
"rs35344207"	0	1	0	12	0	0	0	20	62	0	0	1	0	0	2	0	0	0
"rs35386588"	1	4	0	9	0	0	2	22	52	0	0	0	0	0	6	0	0	2
"rs35464758"	0	1	1	24	0	0	0	0	72	0	0	0	0	0	0	0	0	0
"rs35501429"	0	0	0	0	0	0	0	6	52	0	0	0	0	7	33	0	0	0
"rs35517588"	1	0	0	1	0	0	0	0	93	0	0	0	0	0	3	0	0	0
"rs35611759"	0	0	0	4	0	0	0	0	94	0	0	0	0	0	0	0	0	0
"rs35632017"	0	0	0	0	0	0	0	0	97	0	0	0	0	0	1	0	0	0
"rs35650930"	0	0	0	0	0	0	0	1	97	0	0	0	0	0	0	0	0	0
"rs35668347"	0	0	0	1	0	0	0	0	95	0	0	0	0	0	2	0	0	0
"rs35678043"	25	4	3	1	0	0	0	15	29	0	0	1	0	0	0	0	0	20
"rs356933"	0	0	0	11	0	0	0	1	86	0	0	0	0	0	0	0	0	0
"rs35694389"	0	0	0	3	0	0	0	0	95	0	0	0	0	0	0	0	0	0
"rs35707400"	0	0	0	6	0	0	0	0	92	0	0	0	0	0	0	0	0	0
"rs35716369"	0	6	0	4	0	0	0	33	55	0	0	0	0	0	0	0	0	0
"rs35747928"	0	0	0	6	0	0	0	0	91	0	0	0	0	0	1	0	0	0
"rs35758933"	0	0	0	1	0	0	5	26	55	0	0	0	0	1	10	0	0	0
"rs35774341"	0	2	0	8	0	0	0	0	88	0	0	0	0	0	0	0	0	0
"rs35809291"	0	0	1	19	0	0	1	5	72	0	0	0	0	0	0	0	0	0
"rs35919083"	0	0	0	0	0	0	0	9	80	0	0	0	0	0	9	0	0	0
"rs35976203"	0	0	0	16	0	0	0	0	82	0	0	0	0	0	0	0	0	0
"rs35992858"	0	0	0	0	0	0	0	0	4	0	0	0	0	2	91	0	0	1
"rs36005017"	0	0	0	0	0	0	0	10	69	0	0	0	0	7	12	0	0	0
"rs36009382"	0	0	0	4	0	0	0	3	91	0	0	0	0	0	0	0	0	0
"rs36014153"	0	0	0	6	0	0	0	0	92	0	0	0	0	0	0	0	0	0
"rs36024347"	0	0	0	7	0	0	0	0	90	0	0	0	0	0	1	0	0	0
"rs36028156"	0	1	0	0	0	0	0	8	49	0	0	0	0	1	39	0	0	0
"rs36032114"	0	0	0	0	0	0	0	3	94	0	0	0	0	0	1	0	0	0
"rs36033446"	0	0	1	21	0	0	0	2	72	0	0	0	0	0	2	0	0	0
"rs36057010"	0	0	7	29	0	0	0	2	43	0	0	0	0	1	16	0	0	0
"rs36127300"	0	0	0	0	0	0	0	0	96	0	0	0	0	0	2	0	0	0
"rs368332540"	0	0	1	16	0	0	0	0	81	0	0	0	0	0	0	0	0	0
"rs368610619"	0	0	0	1	0	0	0	0	97	0	0	0	0	0	0	0	0	0
"rs370113494"	0	0	0	1	0	0	0	0	97	0	0	0	0	0	0	0	0	0
"rs372271081"	5	15	0	0	0	0	6	15	4	2	1	11	6	1	24	1	0	7
"rs372569276"	0	0	0	16	0	0	0	16	66	0	0	0	0	0	0	0	0	0
"rs372944047"	0	0	0	7	0	0	0	0	90	0	0	0	0	0	1	0	0	0
"rs3739447"	0	0	0	0	0	0	0	4	67	0	0	0	0	4	23	0	0	0
"rs374060594"	0	6	0	1	0	1	1	20	61	0	0	0	0	0	8	0	0	0
"rs3748512"	0	1	0	0	0	0	0	0	4	0	0	0	0	67	18	7	1	0
"rs3750558"	0	0	0	0	0	0	0	0	0	89	9	0	0	0	0	0	0	0
"rs375243379"	0	0	0	8	0	0	0	12	78	0	0	0	0	0	0	0	0	0
"rs3752987"	0	0	0	0	0	0	0	0	1	0	0	0	0	60	27	8	1	1
"rs375434235"	0	0	0	4	0	0	0	0	94	0	0	0	0	0	0	0	0	0
"rs3768664"	0	2	0	0	0	0	0	0	2	0	0	0	0	53	37	4	0	0
"rs3777722"	0	0	0	0	0	0	0	0	15	0	0	0	0	54	26	3	0	0
"rs3777723"	1	2	0	0	0	0	0	0	15	0	0	0	0	22	50	8	0	0
"rs3783515"	1	2	0	0	0	0	0	5	74	0	0	1	0	0	13	0	0	2
"rs3783516"	1	3	0	0	0	0	0	5	74	0	0	0	0	0	13	0	0	2
"rs3783547"	0	1	0	0	0	0	0	6	80	0	0	0	0	1	9	1	0	0
"rs3798303"	1	13	0	0	0	0	0	0	14	0	0	0	0	20	41	8	1	0
"rs3811040"	0	0	0	0	0	0	0	3	37	0	0	0	0	37	15	5	0	1
"rs3818766"	0	0	0	0	0	0	0	14	65	0	0	0	0	4	15	0	0	0
"rs3825617"	0	0	0	2	0	0	0	0	92	0	0	0	0	0	4	0	0	0
"rs3827761"	0	1	0	0	0	0	0	3	37	0	0	0	0	38	14	5	0	0
"rs3857747"	0	0	0	0	0	0	0	1	93	0	0	0	0	0	4	0	0	0
"rs3858826"	0	0	0	54	0	0	0	17	25	0	0	0	0	0	2	0	0	0
"rs3859635"	0	0	0	0	0	0	2	29	67	0	0	0	0	0	0	0	0	0
"rs3890819"	0	2	0	0	0	0	0	0	92	0	0	0	0	0	4	0	0	0
"rs3898680"	0	0	0	9	0	0	0	12	77	0	0	0	0	0	0	0	0	0
"rs3904336"	0	0	0	0	0	0	0	11	71	0	0	0	0	0	16	0	0	0
"rs3910163"	0	10	0	0	0	0	0	8	60	0	0	0	0	0	20	0	0	0
"rs3915212"	0	1	0	10	0	0	0	3	82	0	0	0	0	0	2	0	0	0
"rs3916643"	0	0	0	0	0	0	2	28	68	0	0	0	0	0	0	0	0	0
"rs3916648"	0	0	0	0	0	0	2	28	68	0	0	0	0	0	0	0	0	0
"rs3974919"	0	0	0	6	0	0	0	0	92	0	0	0	0	0	0	0	0	0
"rs4054464"	2	2	1	3	0	1	3	20	62	0	0	0	0	0	3	0	0	1
"rs41277412"	0	1	0	0	0	0	0	13	51	0	0	0	0	2	30	1	0	0
"rs41287880"	0	0	0	4	0	0	1	19	74	0	0	0	0	0	0	0	0	0
"rs41287882"	1	3	0	6	0	0	1	16	71	0	0	0	0	0	0	0	0	0
"rs41287884"	1	3	0	6	0	0	1	16	71	0	0	0	0	0	0	0	0	0
"rs41287886"	0	2	0	4	0	0	1	20	71	0	0	0	0	0	0	0	0	0
"rs41295241"	1	0	0	0	0	0	0	0	1	0	0	0	0	65	29	2	0	0
"rs4132528"	0	0	1	5	0	0	0	0	92	0	0	0	0	0	0	0	0	0
"rs4134194"	1	1	0	3	0	0	0	0	93	0	0	0	0	0	0	0	0	0
"rs4143891"	0	0	0	0	0	0	0	1	68	0	0	0	0	0	29	0	0	0
"rs4233730"	0	0	0	0	0	0	2	30	66	0	0	0	0	0	0	0	0	0
"rs4233731"	0	0	0	0	0	0	0	0	1	0	0	0	0	68	29	0	0	0
"rs4236367"	0	0	0	0	0	0	0	1	95	0	0	0	0	0	2	0	0	0
"rs4243453"	7	12	0	0	0	0	0	13	44	0	0	0	2	0	10	0	0	10
"rs4245042"	0	0	0	1	0	0	0	16	61	0	0	0	0	0	20	0	0	0
"rs4245503"	0	0	0	2	0	0	0	1	92	0	0	0	0	0	3	0	0	0
"rs4257934"	0	0	0	2	0	0	0	0	96	0	0	0	0	0	0	0	0	0
"rs4261731"	0	4	0	0	0	0	0	1	49	0	0	0	0	4	39	1	0	0
"rs4273919"	0	0	0	0	0	0	1	6	67	0	0	0	0	1	23	0	0	0
"rs4286851"	0	1	0	0	0	0	0	1	92	0	0	0	0	0	4	0	0	0
"rs4297851"	0	0	1	7	0	0	0	0	87	0	0	0	0	0	1	0	0	2
"rs4332041"	0	2	0	0	0	0	0	2	87	0	0	0	1	0	6	0	0	0
"rs4334475"	0	0	0	6	0	0	0	0	92	0	0	0	0	0	0	0	0	0
"rs4341667"	0	3	0	0	0	0	0	6	87	0	0	0	0	0	2	0	0	0
"rs4357856"	4	38	0	0	0	0	0	0	11	0	1	1	2	0	35	0	0	6
"rs4360204"	0	2	0	0	0	0	0	0	94	0	0	0	0	0	2	0	0	0
"rs4364550"	0	11	0	0	0	0	0	0	86	0	0	0	0	0	1	0	0	0
"rs4365485"	0	0	0	2	0	0	0	23	72	0	0	0	0	0	1	0	0	0
"rs4412901"	0	0	0	10	0	0	0	1	87	0	0	0	0	0	0	0	0	0
"rs4435424"	0	0	0	3	0	0	0	0	95	0	0	0	0	0	0	0	0	0
"rs4444550"	0	0	0	6	0	0	0	15	73	0	0	0	0	0	4	0	0	0
"rs4449666"	0	0	0	0	0	0	0	0	98	0	0	0	0	0	0	0	0	0
"rs4463757"	0	4	0	1	0	0	0	10	56	0	0	0	1	1	25	0	0	0
"rs4479391"	0	0	0	0	0	0	0	0	1	0	0	0	0	90	7	0	0	0
"rs4505494"	0	0	0	5	0	0	0	0	93	0	0	0	0	0	0	0	0	0
"rs4534056"	0	0	0	6	0	0	0	1	90	0	0	0	0	0	1	0	0	0
"rs4538160"	0	0	0	0	0	0	0	0	1	0	0	0	0	78	19	0	0	0
"rs45447497"	4	24	0	0	0	0	0	0	1	0	1	15	8	0	2	0	1	42
"rs45476000"	1	1	0	0	0	0	0	4	26	0	0	0	0	32	30	4	0	0
"rs45487993"	0	5	8	32	0	0	0	0	42	1	0	0	0	0	8	2	0	0
"rs45523933"	0	0	0	0	0	0	0	0	0	0	0	0	0	84	8	4	1	1
"rs45541339"	4	8	0	0	0	1	2	4	11	0	1	0	0	3	43	11	4	6
"rs45543232"	11	7	0	0	0	0	0	1	13	4	7	34	10	0	2	0	0	9
"rs45545436"	0	0	0	0	0	0	2	6	31	0	0	0	0	17	41	1	0	0
"rs45560835"	4	8	0	0	0	1	2	4	11	0	1	0	0	3	43	11	4	6
"rs45579232"	5	10	0	0	0	0	2	3	19	0	0	0	0	12	28	10	4	5
"rs45602738"	0	3	0	0	0	0	0	4	26	0	0	1	0	2	60	1	0	1
"rs45610141"	6	11	0	0	0	0	0	0	3	0	0	0	0	0	77	0	0	1
"rs4563791"	0	0	1	23	0	0	0	0	70	0	0	0	0	0	4	0	0	0
"rs4588741"	1	1	0	0	0	0	0	1	86	0	0	0	0	0	9	0	0	0
"rs4601403"	0	0	0	0	0	0	0	3	92	0	0	0	0	0	3	0	0	0
"rs4609518"	0	2	0	1	0	1	6	11	57	0	0	0	0	6	14	0	0	0
"rs4611567"	2	1	0	0	0	0	0	1	65	0	1	0	0	0	28	0	0	0
"rs4613890"	0	1	0	1	0	0	0	0	95	0	0	0	0	0	1	0	0	0
"rs4627235"	0	0	0	0	0	0	0	7	75	0	0	0	0	0	16	0	0	0
"rs4632299"	0	0	0	0	0	0	0	35	63	0	0	0	0	0	0	0	0	0
"rs4640968"	0	0	0	6	0	0	0	1	90	0	0	0	0	0	1	0	0	0
"rs4665430"	1	1	0	0	0	0	1	3	65	0	0	0	0	0	26	0	0	1
"rs4666116"	4	5	0	0	0	0	1	4	54	0	0	0	0	0	28	0	0	2
"rs4677371"	0	0	0	6	0	0	0	3	88	0	0	0	0	0	1	0	0	0
"rs4688611"	0	0	0	2	0	0	0	5	91	0	0	0	0	0	0	0	0	0
"rs4697165"	0	1	0	0	0	0	0	7	82	0	0	0	0	0	8	0	0	0
"rs4698877"	0	1	0	0	0	0	0	0	42	0	0	0	0	0	55	0	0	0
"rs4704916"	0	0	0	0	0	0	0	19	79	0	0	0	0	0	0	0	0	0
"rs4707265"	0	0	0	13	0	0	0	0	85	0	0	0	0	0	0	0	0	0
"rs4707269"	0	0	11	34	0	0	0	0	53	0	0	0	0	0	0	0	0	0
"rs4723951"	0	0	0	0	0	0	0	1	92	0	0	0	0	0	5	0	0	0
"rs4723961"	0	0	0	5	0	0	0	1	91	0	0	0	0	0	1	0	0	0
"rs4723962"	0	0	0	2	0	0	0	1	94	0	0	0	0	0	1	0	0	0
"rs4747091"	1	4	0	0	0	0	2	12	53	0	0	0	0	1	22	3	0	0
"rs4747093"	0	0	0	1	0	0	7	10	58	0	0	0	0	7	15	0	0	0
"rs4750000"	10	6	0	0	0	0	0	10	18	0	0	0	0	0	53	0	0	1
"rs4791619"	1	7	0	5	0	0	0	28	46	0	0	0	0	0	11	0	0	0
"rs4791620"	0	0	1	9	0	0	0	27	57	0	0	0	0	0	4	0	0	0
"rs4792586"	1	0	0	3	0	0	0	23	66	0	0	0	0	0	5	0	0	0
"rs4798214"	0	4	0	16	0	0	0	5	70	0	0	0	0	0	3	0	0	0
"rs480745"	0	0	0	5	0	0	0	1	89	0	0	0	0	0	3	0	0	0
"rs4813398"	0	7	0	0	0	0	0	5	79	0	0	0	0	0	7	0	0	0
"rs4814982"	6	9	0	0	0	0	0	0	5	0	0	0	0	8	64	3	0	3
"rs4814988"	1	22	0	0	0	0	0	0	30	0	0	0	0	0	38	0	0	7
"rs4814989"	1	22	0	0	0	0	0	0	30	0	0	0	0	0	38	0	0	7
"rs481745"	0	1	1	8	0	0	1	28	56	0	0	0	0	0	3	0	0	0
"rs4848298"	3	3	0	0	0	0	0	1	34	0	0	0	0	33	23	0	0	1
"rs4849118"	0	0	0	0	0	0	0	2	38	0	0	0	0	35	22	1	0	0
"rs4850940"	0	0	0	0	0	0	0	18	80	0	0	0	0	0	0	0	0	0
"rs4851323"	0	0	0	9	0	0	2	25	62	0	0	0	0	0	0	0	0	0
"rs4851325"	0	2	0	2	0	0	0	18	76	0	0	0	0	0	0	0	0	0
"rs4851327"	0	1	0	2	0	0	0	19	71	0	0	0	0	0	5	0	0	0
"rs4851331"	1	0	0	0	0	0	0	19	78	0	0	0	0	0	0	0	0	0
"rs4851332"	1	0	0	0	0	0	0	19	78	0	0	0	0	0	0	0	0	0
"rs4851333"	0	0	0	0	0	0	0	19	79	0	0	0	0	0	0	0	0	0
"rs4851334"	0	0	0	0	0	0	0	18	80	0	0	0	0	0	0	0	0	0
"rs4851335"	0	0	0	0	0	0	0	18	80	0	0	0	0	0	0	0	0	0
"rs4851339"	1	5	0	0	0	0	0	0	17	0	0	0	0	0	75	0	0	0
"rs4851340"	0	1	0	0	0	0	0	12	65	0	0	0	0	0	20	0	0	0
"rs4851343"	0	0	0	0	0	0	0	20	71	0	0	0	0	0	7	0	0	0
"rs4851344"	0	0	0	0	0	0	0	20	71	0	0	0	0	0	7	0	0	0
"rs4851693"	0	0	0	4	0	0	0	16	70	0	0	0	0	0	8	0	0	0
"rs4851694"	0	0	1	6	0	0	1	16	71	0	0	0	0	0	3	0	0	0
"rs4851695"	0	0	1	6	0	0	1	16	71	0	0	0	0	0	3	0	0	0
"rs485403"	0	0	0	2	0	0	0	1	93	0	0	0	0	0	2	0	0	0
"rs486684"	0	0	1	3	0	0	0	1	91	0	0	0	0	0	2	0	0	0
"rs487894"	0	0	3	10	0	0	1	18	61	0	0	0	0	0	4	0	0	1
"rs489181"	0	0	0	2	0	0	0	1	93	0	0	0	0	0	2	0	0	0
"rs4895531"	0	0	0	2	0	0	0	10	58	0	0	0	0	0	28	0	0	0
"rs4896372"	0	0	0	2	0	0	0	10	58	0	0	0	0	0	28	0	0	0
"rs489646"	0	2	0	0	0	0	0	0	57	0	0	0	0	5	34	0	0	0
"rs489694"	0	2	0	2	0	0	0	1	93	0	0	0	0	0	0	0	0	0
"rs4898867"	2	11	0	0	0	0	0	1	80	0	0	0	0	0	2	0	0	2
"rs4898868"	2	12	0	0	0	0	0	1	79	0	0	0	0	0	2	0	0	2
"rs4900723"	0	0	0	12	0	0	0	0	86	0	0	0	0	0	0	0	0	0
"rs4901578"	0	0	0	2	0	0	0	3	89	0	0	0	0	0	4	0	0	0
"rs4901579"	0	2	0	2	0	0	0	3	89	0	0	0	0	0	2	0	0	0
"rs4901580"	0	2	0	2	0	0	0	3	89	0	0	0	0	0	2	0	0	0
"rs4901581"	0	2	0	2	0	0	0	3	89	0	0	0	0	0	2	0	0	0
"rs4901582"	1	4	0	2	0	0	0	1	87	0	0	0	0	0	2	0	0	1
"rs4901584"	1	3	0	0	0	0	0	1	83	0	0	0	0	0	10	0	0	0
"rs4901586"	2	11	0	0	0	0	0	1	80	0	0	0	0	0	2	0	0	2
"rs4906684"	0	0	0	34	0	0	0	1	48	0	0	0	0	0	15	0	0	0
"rs4915873"	0	0	0	0	0	0	0	41	57	0	0	0	0	0	0	0	0	0
"rs4917774"	1	16	0	0	0	0	3	9	49	0	0	0	0	0	15	1	0	4
"rs4919105"	1	11	0	0	0	0	0	15	38	0	0	0	0	0	33	0	0	0
"rs493403"	0	0	0	2	0	0	0	1	93	0	0	0	0	0	2	0	0	0
"rs4936639"	0	0	0	1	0	0	1	15	61	0	0	0	0	0	20	0	0	0
"rs4945482"	0	0	0	2	0	0	0	0	95	0	0	0	0	0	1	0	0	0
"rs4946431"	0	0	0	3	0	0	0	2	93	0	0	0	0	0	0	0	0	0
"rs4946433"	0	0	2	3	0	0	0	1	91	0	0	0	0	0	1	0	0	0
"rs4946434"	0	0	0	2	0	0	0	1	92	0	0	0	0	0	3	0	0	0
"rs4947199"	2	8	0	3	0	0	0	0	81	0	0	0	0	0	4	0	0	0
"rs4947201"	0	0	12	33	0	0	0	2	50	0	0	0	0	0	1	0	0	0
"rs495018"	0	0	0	2	0	0	0	1	93	0	0	0	0	0	2	0	0	0
"rs4953884"	0	2	0	0	0	0	0	10	82	0	0	0	0	0	2	0	0	2
"rs4954052"	0	3	0	1	0	0	0	0	94	0	0	0	0	0	0	0	0	0
"rs4954059"	1	26	0	0	0	0	0	4	54	0	0	0	0	0	4	0	0	9
"rs4954060"	0	0	0	1	0	0	0	5	83	0	0	0	0	0	9	0	0	0
"rs4954061"	0	1	0	0	0	0	7	6	81	0	0	0	0	0	3	0	0	0
"rs4954063"	0	0	0	1	0	0	0	1	95	0	0	0	0	0	1	0	0	0
"rs4969062"	3	23	0	0	0	0	0	0	3	0	0	1	0	0	63	0	0	5
"rs4978426"	3	0	0	0	0	0	0	4	64	0	0	0	0	4	23	0	0	0
"rs4978919"	0	0	0	2	0	0	0	17	54	0	0	0	0	1	24	0	0	0
"rs4978925"	2	0	0	0	0	0	0	4	64	0	0	0	0	4	24	0	0	0
"rs4978926"	4	1	0	0	0	0	0	7	61	0	0	0	0	7	14	3	0	1
"rs4978932"	0	1	0	0	0	0	0	8	70	0	0	0	0	6	13	0	0	0
"rs501631"	0	4	0	0	0	0	0	7	75	0	0	0	0	0	12	0	0	0
"rs511674"	0	2	0	0	0	0	0	0	57	0	0	0	1	5	33	0	0	0
"rs513257"	0	0	1	2	0	0	0	1	92	0	0	0	0	0	2	0	0	0
"rs514501"	0	1	0	0	0	0	0	0	57	1	0	0	0	5	34	0	0	0
"rs517297"	0	4	0	0	0	0	0	0	55	0	1	0	0	4	33	1	0	0
"rs518086"	0	0	0	0	0	0	0	0	57	0	1	0	0	0	40	0	0	0
"rs519227"	0	0	0	11	0	0	0	3	81	0	0	0	0	0	3	0	0	0
"rs530454"	0	0	0	6	0	0	3	17	60	0	0	0	0	0	12	0	0	0
"rs531433"	0	1	0	0	0	0	0	4	54	0	0	0	0	9	29	1	0	0
"rs533520"	0	1	0	0	0	0	0	7	79	0	0	0	0	0	11	0	0	0
"rs535884"	0	0	0	0	0	0	0	3	56	0	0	0	0	6	33	0	0	0
"rs539974331"	3	9	0	0	0	0	2	11	62	0	0	0	0	0	11	0	0	0
"rs541760"	0	4	0	0	9	1	4	5	2	1	38	0	12	3	14	5	0	0
"rs545394"	0	0	0	2	0	0	0	1	93	0	0	0	0	0	2	0	0	0
"rs546332"	0	0	0	2	0	0	0	1	93	0	0	0	0	0	2	0	0	0
"rs549365"	0	0	0	1	0	0	1	7	70	0	0	0	0	0	19	0	0	0
"rs55635347"	0	4	0	1	0	0	0	1	86	0	0	0	0	0	4	0	0	2
"rs55646251"	0	0	0	0	0	0	0	14	65	0	0	0	0	4	15	0	0	0
"rs55664663"	0	0	0	0	0	0	0	2	87	0	0	0	0	0	9	0	0	0
"rs55672447"	0	0	11	26	0	0	0	2	45	0	0	0	0	1	13	0	0	0
"rs55675417"	0	0	0	1	0	0	1	20	67	0	0	0	0	0	9	0	0	0
"rs55681386"	1	0	0	1	0	0	0	5	45	0	0	0	0	1	45	0	0	0
"rs55687552"	0	0	1	1	0	0	0	1	95	0	0	0	0	0	0	0	0	0
"rs55706230"	0	0	0	5	0	0	0	5	88	0	0	0	0	0	0	0	0	0
"rs55708527"	0	0	0	0	0	0	0	0	11	0	0	0	0	6	81	0	0	0
"rs55710164"	0	0	5	15	0	0	0	1	76	0	1	0	0	0	0	0	0	0
"rs557200"	0	0	0	0	0	0	0	13	46	0	0	0	0	0	39	0	0	0
"rs55733444"	1	0	7	2	0	0	0	10	55	0	0	0	0	1	22	0	0	0
"rs55735069"	0	0	0	47	0	0	0	0	51	0	0	0	0	0	0	0	0	0
"rs55748129"	0	0	0	0	0	0	0	5	85	0	0	0	0	0	8	0	0	0
"rs55750073"	0	0	0	5	0	0	0	5	88	0	0	0	0	0	0	0	0	0
"rs55762606"	0	8	0	0	0	0	0	4	53	0	0	0	0	0	31	0	0	2
"rs55764730"	0	0	1	9	0	0	3	12	73	0	0	0	0	0	0	0	0	0
"rs55768792"	0	0	0	4	0	0	0	5	89	0	0	0	0	0	0	0	0	0
"rs55768815"	0	0	0	1	0	0	1	13	82	0	0	0	0	0	1	0	0	0
"rs55771137"	1	2	0	1	0	0	0	6	60	0	0	0	0	1	25	0	0	2
"rs55783016"	0	0	0	4	0	0	0	3	91	0	0	0	0	0	0	0	0	0
"rs55823239"	0	1	0	0	0	0	0	1	88	0	0	0	0	0	8	0	0	0
"rs55835771"	0	0	3	29	0	0	0	24	42	0	0	0	0	0	0	0	0	0
"rs55837393"	1	6	0	0	0	1	3	9	48	0	0	1	0	0	29	0	0	0
"rs55845803"	0	2	2	6	0	0	0	1	86	0	0	0	0	0	1	0	0	0
"rs55853954"	0	0	0	8	0	0	0	10	80	0	0	0	0	0	0	0	0	0
"rs55858153"	0	0	0	10	0	0	0	6	82	0	0	0	0	0	0	0	0	0
"rs55864684"	0	0	0	0	0	0	0	2	87	0	0	0	0	0	9	0	0	0
"rs55872205"	0	0	2	49	0	0	0	0	42	0	0	0	0	0	5	0	0	0
"rs55889542"	0	0	0	5	0	0	1	7	84	0	0	0	0	0	1	0	0	0
"rs55892925"	0	9	0	1	0	0	0	9	53	0	0	0	0	0	25	1	0	0
"rs55919370"	0	0	0	4	0	0	0	5	89	0	0	0	0	0	0	0	0	0
"rs55947815"	0	0	0	1	0	0	0	6	66	0	0	0	0	8	17	0	0	0
"rs55949450"	0	1	2	8	0	0	1	27	55	0	0	0	0	0	4	0	0	0
"rs55966878"	0	0	0	0	0	0	0	8	56	0	0	0	0	0	34	0	0	0
"rs55971053"	5	16	0	0	0	0	0	2	14	0	0	0	2	1	54	2	0	2
"rs55972058"	0	13	0	0	0	0	0	0	9	0	0	0	0	0	76	0	0	0
"rs55979430"	0	0	0	8	0	0	0	12	78	0	0	0	0	0	0	0	0	0
"rs56010171"	0	0	3	44	0	0	0	1	48	0	0	0	0	0	2	0	0	0
"rs56022255"	0	0	1	8	0	0	0	0	89	0	0	0	0	0	0	0	0	0
"rs56049516"	0	4	0	0	0	1	8	4	80	0	0	0	0	0	1	0	0	0
"rs56079209"	0	0	1	14	0	0	0	18	59	0	0	0	0	0	6	0	0	0
"rs56150745"	1	0	0	1	0	0	0	5	45	0	0	0	0	1	45	0	0	0
"rs56202594"	0	0	6	11	0	0	0	21	59	0	0	0	0	0	1	0	0	0
"rs56209820"	0	4	0	1	0	0	0	1	86	0	0	0	0	0	4	0	0	2
"rs56252417"	0	0	0	5	0	0	0	0	93	0	0	0	0	0	0	0	0	0
"rs56260098"	0	4	0	1	0	0	0	1	86	0	0	0	0	0	4	0	0	2
"rs56279051"	0	1	0	2	0	0	0	2	92	0	0	0	0	0	1	0	0	0
"rs56286528"	0	0	0	2	0	0	2	37	57	0	0	0	0	0	0	0	0	0
"rs56309858"	0	1	2	9	0	0	1	10	66	0	0	0	0	0	9	0	0	0
"rs56342375"	0	0	0	0	0	0	0	0	2	0	0	0	0	62	34	0	0	0
"rs563538"	0	0	0	0	0	0	0	11	48	0	0	0	0	1	38	0	0	0
"rs56390118"	0	0	5	15	0	0	0	1	76	0	1	0	0	0	0	0	0	0
"rs56402335"	3	3	2	1	0	0	0	7	57	0	0	0	0	1	23	0	0	1
"rs564222"	0	0	0	3	0	0	0	0	92	0	0	0	0	0	3	0	0	0
"rs564618"	0	2	0	0	0	0	0	7	77	0	0	0	0	0	12	0	0	0
"rs565512"	0	0	0	15	0	0	0	3	77	0	0	0	0	0	3	0	0	0
"rs565549"	0	0	0	15	0	0	0	3	77	0	0	0	0	0	3	0	0	0
"rs56702799"	0	0	0	0	0	0	0	30	68	0	0	0	0	0	0	0	0	0
"rs56791695"	0	0	2	49	0	0	0	1	44	0	0	0	0	0	2	0	0	0
"rs56828381"	0	1	0	0	0	0	0	6	17	0	0	0	0	23	51	0	0	0
"rs56842795"	0	0	1	4	0	0	0	0	93	0	0	0	0	0	0	0	0	0
"rs56855996"	0	0	0	2	0	0	5	64	27	0	0	0	0	0	0	0	0	0
"rs56895789"	2	3	0	0	0	0	0	0	84	0	0	0	0	0	9	0	0	0
"rs56959294"	0	0	6	38	0	0	0	0	48	0	0	0	0	1	5	0	0	0
"rs569782"	0	1	0	0	0	0	0	2	57	0	0	0	0	4	34	0	0	0
"rs57008541"	0	0	0	0	0	0	1	62	35	0	0	0	0	0	0	0	0	0
"rs57018061"	0	0	9	44	0	0	0	1	43	0	0	0	0	0	0	0	0	1
"rs57023015"	0	0	0	15	0	0	0	0	82	0	1	0	0	0	0	0	0	0
"rs57083789"	0	0	0	1	0	0	3	54	38	0	0	0	0	0	2	0	0	0
"rs57110040"	1	16	2	0	0	0	0	0	8	0	0	0	1	1	68	1	0	0
"rs57153202"	0	1	0	0	0	0	0	3	89	0	0	0	0	0	5	0	0	0
"rs57165361"	1	0	0	1	0	0	0	0	93	0	0	0	0	0	3	0	0	0
"rs57238210"	0	3	0	0	0	0	0	19	76	0	0	0	0	0	0	0	0	0
"rs572482355"	0	3	0	10	0	0	1	26	53	0	0	0	0	0	5	0	0	0
"rs57332251"	0	0	0	42	0	0	0	0	56	0	0	0	0	0	0	0	0	0
"rs57335895"	28	9	0	0	0	0	0	1	20	0	0	2	0	0	16	0	0	22
"rs574008"	0	0	0	2	0	0	0	1	93	0	0	0	0	0	2	0	0	0
"rs574580"	0	0	0	10	0	0	0	3	81	0	0	0	0	0	4	0	0	0
"rs57617801"	0	2	0	1	0	0	0	0	78	0	0	0	0	0	17	0	0	0
"rs57662402"	0	0	0	5	0	0	0	0	84	0	0	0	0	0	9	0	0	0
"rs57668791"	0	0	0	5	0	0	0	2	90	0	0	0	0	0	1	0	0	0
"rs57670997"	0	1	0	0	0	0	0	0	95	0	0	0	0	0	2	0	0	0
"rs57715489"	0	0	0	9	0	0	0	21	68	0	0	0	0	0	0	0	0	0
"rs57727989"	0	0	0	48	0	0	0	20	30	0	0	0	0	0	0	0	0	0
"rs577551"	0	0	0	2	0	0	0	1	93	0	0	0	0	0	2	0	0	0
"rs5795275"	0	16	0	1	0	0	1	16	47	0	0	0	0	0	17	0	0	0
"rs58003178"	0	0	0	5	0	0	0	1	91	0	0	0	0	0	1	0	0	0
"rs58003373"	0	0	2	4	0	0	1	15	73	0	0	0	0	0	3	0	0	0
"rs5804444"	0	0	0	11	0	0	0	0	86	0	0	0	0	0	1	0	0	0
"rs5819517"	6	7	0	0	0	2	9	36	15	0	0	0	0	0	20	0	0	3
"rs5819520"	2	2	1	3	0	1	3	20	62	0	0	0	0	0	3	0	0	1
"rs58210503"	0	0	0	1	0	0	0	7	89	0	0	0	0	0	1	0	0	0
"rs58218961"	5	25	0	0	1	0	0	0	27	0	0	5	0	0	6	0	0	29
"rs58283790"	0	0	3	49	0	0	0	0	46	0	0	0	0	0	0	0	0	0
"rs5834364"	0	1	0	1	0	0	0	5	90	0	0	0	0	0	1	0	0	0
"rs58386401"	0	0	0	0	0	0	0	0	7	0	0	0	0	30	61	0	0	0
"rs58400505"	1	2	0	1	0	0	0	6	60	0	0	0	0	1	25	0	0	2
"rs58420974"	0	0	0	0	0	0	0	0	0	95	2	1	0	0	0	0	0	0
"rs58436224"	0	0	0	3	0	0	0	0	95	0	0	0	0	0	0	0	0	0
"rs58485688"	1	2	1	7	0	0	0	0	82	0	2	0	1	0	2	0	0	0
"rs58505239"	0	4	0	0	9	14	13	22	7	0	2	1	1	7	15	3	0	0
"rs58525017"	0	0	0	1	0	0	0	10	84	0	0	0	0	0	3	0	0	0
"rs5855187"	17	25	0	0	0	0	0	1	17	0	0	0	0	0	21	0	0	17
"rs58612518"	0	0	0	0	0	0	0	1	72	0	0	0	0	0	25	0	0	0
"rs58612672"	0	0	0	0	0	0	0	1	92	0	0	0	0	0	5	0	0	0
"rs58624989"	24	5	0	0	0	0	0	1	22	1	0	3	0	0	23	0	0	19
"rs58694576"	1	7	0	0	0	0	2	10	50	0	0	0	0	0	27	0	0	1
"rs5872551"	6	11	0	0	0	0	0	8	63	0	0	1	0	0	2	0	0	7
"rs587630"	0	4	0	0	0	0	0	5	74	0	0	0	0	0	15	0	0	0
"rs58773743"	0	0	0	5	0	0	0	1	91	0	0	0	0	0	1	0	0	0
"rs5879161"	4	15	0	5	0	0	0	0	65	0	2	0	0	0	4	0	0	3
"rs5879163"	2	15	0	4	0	0	0	0	56	1	1	3	10	0	1	0	0	5
"rs5899901"	0	1	0	1	0	0	0	14	64	0	0	0	0	3	15	0	0	0
"rs5902132"	0	0	1	10	0	0	3	9	75	0	0	0	0	0	0	0	0	0
"rs59063882"	0	0	0	0	0	0	0	11	68	0	0	0	0	3	16	0	0	0
"rs59172073"	4	1	0	0	9	19	35	4	2	4	11	0	2	0	6	0	1	0
"rs59212357"	0	16	0	1	0	0	0	0	8	0	0	0	0	0	73	0	0	0
"rs59218561"	1	0	3	3	0	0	0	10	55	0	0	0	0	1	25	0	0	0
"rs592492"	0	0	0	0	0	0	0	2	57	0	0	0	0	5	34	0	0	0
"rs59329710"	0	0	0	1	0	0	0	42	55	0	0	0	0	0	0	0	0	0
"rs59340522"	0	4	0	0	0	0	1	9	66	0	0	0	0	0	18	0	0	0
"rs593714"	0	0	0	0	0	0	0	3	56	0	0	0	0	5	34	0	0	0
"rs59403502"	0	0	0	0	0	0	5	44	45	0	0	0	0	0	4	0	0	0
"rs59418700"	0	0	0	5	0	0	0	1	91	0	0	0	0	0	1	0	0	0
"rs59575881"	1	0	3	2	0	0	0	10	56	0	0	0	0	0	26	0	0	0
"rs59622615"	0	0	0	8	0	0	0	12	78	0	0	0	0	0	0	0	0	0
"rs59712950"	0	0	0	7	0	0	0	1	90	0	0	0	0	0	0	0	0	0
"rs5972070"	0	0	0	5	0	0	0	3	90	0	0	0	0	0	0	0	0	0
"rs5972071"	0	0	0	7	0	0	0	4	87	0	0	0	0	0	0	0	0	0
"rs5973726"	1	0	0	2	0	0	0	3	92	0	0	0	0	0	0	0	0	0
"rs5973727"	0	0	0	1	0	0	0	2	95	0	0	0	0	0	0	0	0	0
"rs5973734"	0	0	0	3	0	0	0	6	89	0	0	0	0	0	0	0	0	0
"rs5973735"	0	0	0	10	0	0	0	5	83	0	0	0	0	0	0	0	0	0
"rs5973736"	0	0	2	10	0	0	1	3	82	0	0	0	0	0	0	0	0	0
"rs5973738"	0	0	0	12	0	0	0	1	85	0	0	0	0	0	0	0	0	0
"rs5973741"	0	0	0	9	0	0	0	1	88	0	0	0	0	0	0	0	0	0
"rs5973748"	0	0	0	14	0	0	0	6	78	0	0	0	0	0	0	0	0	0
"rs5973749"	0	0	0	12	0	0	0	8	78	0	0	0	0	0	0	0	0	0
"rs5973751"	0	0	0	11	0	0	1	11	75	0	0	0	0	0	0	0	0	0
"rs5973755"	0	0	0	11	0	0	1	11	75	0	0	0	0	0	0	0	0	0
"rs5973756"	0	0	0	10	0	0	0	13	75	0	0	0	0	0	0	0	0	0
"rs59887145"	4	2	0	0	0	0	0	7	1	0	0	0	0	0	83	0	0	1
"rs59896096"	0	0	2	49	0	0	0	0	42	0	0	0	0	0	5	0	0	0
"rs60028329"	0	0	8	48	0	0	0	0	40	0	0	0	0	0	2	0	0	0
"rs60042392"	1	0	7	2	0	0	0	10	55	0	0	0	0	1	22	0	0	0
"rs60070270"	0	0	0	0	0	0	0	8	56	0	0	0	0	0	34	0	0	0
"rs60089001"	0	9	1	12	0	0	1	5	51	0	0	0	0	0	15	0	0	4
"rs60240867"	0	0	9	48	0	0	0	0	40	0	0	0	0	0	1	0	0	0
"rs60261365"	7	2	0	0	11	10	32	10	6	4	4	1	1	0	7	1	1	1
"rs60266249"	0	0	0	0	0	0	0	0	47	0	0	0	0	0	51	0	0	0
"rs6035685"	1	1	0	0	0	0	0	0	7	0	0	0	0	53	36	0	0	0
"rs6035721"	0	0	0	0	0	0	0	9	86	0	0	0	1	0	2	0	0	0
"rs6035735"	0	1	0	2	0	0	8	28	58	0	0	0	0	0	1	0	0	0
"rs60399093"	0	0	0	0	0	0	0	13	84	0	0	0	0	0	1	0	0	0
"rs60417571"	7	16	0	0	0	2	1	4	32	1	7	3	3	0	20	0	0	2
"rs6046998"	2	5	0	0	0	0	0	0	4	0	0	0	0	12	69	0	0	6
"rs6047011"	0	1	0	0	0	0	0	0	4	0	0	0	0	66	19	7	1	0
"rs6047049"	2	10	0	0	0	0	0	0	21	0	0	0	0	1	62	2	0	0
"rs6047060"	1	2	0	0	0	0	0	1	77	0	0	0	0	0	17	0	0	0
"rs6047061"	1	2	0	0	0	0	0	1	77	0	0	0	0	0	17	0	0	0
"rs6047103"	0	1	0	0	0	0	0	9	86	0	0	0	0	0	2	0	0	0
"rs6047134"	0	1	0	0	0	0	2	19	76	0	0	0	0	0	0	0	0	0
"rs60502851"	0	0	1	12	0	0	0	0	85	0	0	0	0	0	0	0	0	0
"rs60540153"	0	0	0	0	0	0	0	3	53	0	0	0	0	0	42	0	0	0
"rs60582627"	2	1	0	1	0	0	0	6	60	0	0	0	0	1	27	0	0	0
"rs60638464"	0	0	0	1	0	0	0	3	90	0	0	0	0	0	4	0	0	0
"rs60669832"	1	8	0	0	0	0	0	1	75	0	0	0	0	0	13	0	0	0
"rs60678636"	0	1	23	43	0	0	0	0	27	0	0	0	0	0	4	0	0	0
"rs60679219"	0	3	4	32	0	0	0	1	44	0	0	0	0	0	13	0	0	1
"rs60704280"	2	0	8	1	0	0	0	10	55	0	0	0	0	1	21	0	0	0
"rs60708495"	1	0	0	1	0	0	0	5	45	0	0	0	0	1	45	0	0	0
"rs60783221"	2	0	8	1	0	0	0	10	55	0	0	0	0	1	21	0	0	0
"rs6081944"	0	0	0	1	0	0	1	79	12	0	0	0	0	0	5	0	0	0
"rs60871077"	0	0	0	2	0	2	6	25	62	0	0	0	0	0	1	0	0	0
"rs60989642"	1	0	2	28	0	0	0	1	44	0	0	0	0	7	15	0	0	0
"rs610269"	0	0	2	13	0	0	2	3	73	0	0	0	0	0	5	0	0	0
"rs61052034"	1	2	0	0	0	0	0	9	84	0	0	0	0	0	2	0	0	0
"rs61056790"	18	15	0	0	0	0	0	1	15	11	0	8	0	0	15	0	0	15
"rs6106210"	0	0	0	1	0	0	5	76	12	0	0	0	0	0	4	0	0	0
"rs6106261"	2	16	0	0	0	0	0	0	2	0	0	0	0	20	41	9	1	7
"rs6106275"	7	15	0	0	0	0	0	0	5	0	0	0	0	3	64	3	0	1
"rs6106280"	1	1	0	0	0	0	0	0	4	0	0	0	0	18	69	2	0	3
"rs6106287"	1	5	0	0	0	0	0	0	19	0	0	0	0	4	68	1	0	0
"rs6106288"	1	5	0	0	0	0	0	0	20	0	0	0	0	1	70	1	0	0
"rs6106290"	2	10	0	0	0	0	0	0	21	0	0	0	0	1	62	2	0	0
"rs6106301"	0	0	0	0	0	0	0	10	86	0	0	0	0	0	2	0	0	0
"rs6106303"	0	1	0	0	0	0	3	21	73	0	0	0	0	0	0	0	0	0
"rs6106304"	0	1	0	0	0	0	3	23	71	0	0	0	0	0	0	0	0	0
"rs6106305"	0	1	0	0	0	0	2	24	71	0	0	0	0	0	0	0	0	0
"rs6106307"	0	0	0	1	0	0	6	26	64	0	0	0	0	0	1	0	0	0
"rs6106308"	0	0	0	1	0	0	6	26	64	0	0	0	0	0	1	0	0	0
"rs61067536"	1	2	0	0	0	0	0	0	4	0	0	0	0	33	57	1	0	0
"rs61104572"	24	10	0	0	0	0	0	1	20	0	0	2	0	0	17	0	0	24
"rs6112914"	0	17	0	0	0	0	0	0	0	0	0	0	0	25	46	10	0	0
"rs6112937"	3	16	0	0	0	0	0	0	2	0	0	0	0	16	53	7	0	1
"rs6112969"	6	10	0	0	0	0	0	0	5	0	0	0	0	14	47	8	0	8
"rs6112979"	3	5	0	0	0	0	0	0	4	0	0	0	0	13	69	0	0	4
"rs6112980"	3	4	0	0	0	0	0	0	4	0	0	0	0	12	71	0	0	4
"rs6112998"	1	1	0	0	0	0	0	0	7	0	0	0	0	49	40	0	0	0
"rs6113005"	1	9	0	0	0	0	0	0	13	0	0	0	0	15	56	4	0	0
"rs6113006"	1	7	0	0	0	0	0	0	17	0	0	0	0	6	66	1	0	0
"rs6113010"	1	5	0	0	0	0	0	0	20	0	0	0	0	1	70	1	0	0
"rs6113016"	1	2	0	0	0	0	0	1	77	0	0	0	0	0	17	0	0	0
"rs6113017"	1	2	0	0	0	0	0	1	77	0	0	0	0	0	17	0	0	0
"rs6113024"	0	3	0	0	0	0	0	3	79	0	0	0	0	0	13	0	0	0
"rs6113028"	0	0	0	0	0	0	0	9	86	0	0	0	1	0	2	0	0	0
"rs6113029"	0	0	0	0	0	0	0	9	86	0	0	0	1	0	2	0	0	0
"rs6113033"	0	1	0	0	0	0	0	9	86	0	0	0	0	0	2	0	0	0
"rs6113034"	0	1	0	0	0	0	0	9	86	0	0	0	0	0	2	0	0	0
"rs6113035"	0	0	0	0	0	0	0	10	86	0	0	0	0	0	2	0	0	0
"rs6113046"	0	0	0	2	0	0	7	25	63	0	0	0	0	0	1	0	0	0
"rs61249581"	0	0	0	0	0	0	0	0	98	0	0	0	0	0	0	0	0	0
"rs6132337"	0	17	0	0	0	0	0	0	5	0	0	0	0	8	52	4	1	11
"rs6136970"	0	1	1	0	0	0	26	55	12	0	0	0	0	0	3	0	0	0
"rs6137042"	0	17	0	0	0	0	0	0	0	0	0	0	0	27	45	9	0	0
"rs6137086"	9	13	0	0	0	0	0	0	5	0	0	0	0	2	63	1	0	5
"rs6137099"	0	17	0	0	0	0	0	0	5	0	0	0	0	8	52	4	1	11
"rs6137100"	0	20	0	0	0	0	0	0	5	0	0	1	0	8	52	2	0	10
"rs6137101"	0	20	0	0	0	0	0	0	5	0	0	1	0	8	52	2	0	10
"rs6137102"	0	20	0	0	0	0	0	0	5	0	0	1	0	8	52	2	0	10
"rs6137103"	0	20	0	0	0	0	0	0	5	0	0	1	0	8	52	2	0	10
"rs6137114"	1	1	0	0	0	0	0	0	4	0	0	0	0	18	69	2	0	3
"rs6137153"	1	26	0	0	0	0	0	0	34	0	0	0	0	0	26	0	0	11
"rs6137177"	0	0	0	2	0	2	6	25	62	0	0	0	0	0	1	0	0	0
"rs6137178"	0	0	0	2	0	2	6	25	62	0	0	0	0	0	1	0	0	0
"rs61412192"	0	1	0	0	0	0	0	4	76	0	0	0	0	2	15	0	0	0
"rs614150"	2	2	0	0	0	0	0	14	38	0	0	0	0	11	27	2	0	2
"rs61467147"	0	0	0	1	0	0	0	1	96	0	0	0	0	0	0	0	0	0
"rs61543318"	0	0	0	5	0	0	0	0	93	0	0	0	0	0	0	0	0	0
"rs615549"	1	1	0	15	0	0	0	5	72	0	0	0	0	0	3	0	0	1
"rs61589215"	0	0	0	2	0	0	0	5	91	0	0	0	0	0	0	0	0	0
"rs61809265"	0	0	0	0	0	0	0	43	52	0	0	0	0	0	3	0	0	0
"rs618407"	0	0	0	0	0	0	0	10	50	0	0	0	0	1	37	0	0	0
"rs61848112"	0	1	0	0	0	0	2	9	55	0	0	0	0	0	31	0	0	0
"rs61848113"	0	1	0	0	0	0	2	9	55	0	0	0	0	0	31	0	0	0
"rs61848116"	5	3	0	0	0	0	0	9	50	0	0	3	0	1	21	1	0	5
"rs61848128"	4	3	0	0	0	0	0	9	53	0	0	0	0	1	27	0	0	1
"rs61848133"	2	0	0	0	0	0	0	7	59	0	0	0	0	0	29	0	0	1
"rs61848136"	0	0	0	0	0	0	0	10	72	0	0	0	0	0	16	0	0	0
"rs61887835"	4	4	0	0	0	0	0	4	41	0	0	0	0	4	38	2	0	1
"rs61889565"	2	0	0	0	0	0	0	3	69	0	0	0	0	0	24	0	0	0
"rs61911802"	0	0	0	20	0	0	0	6	72	0	0	0	0	0	0	0	0	0
"rs61911803"	0	1	0	22	0	0	0	6	69	0	0	0	0	0	0	0	0	0
"rs61911805"	0	0	4	59	0	0	0	2	33	0	0	0	0	0	0	0	0	0
"rs61911806"	0	0	4	60	0	0	0	4	30	0	0	0	0	0	0	0	0	0
"rs61953951"	1	1	0	1	0	0	0	10	84	0	0	0	0	0	0	0	0	1
"rs61953962"	0	0	3	38	0	0	0	7	50	0	0	0	0	0	0	0	0	0
"rs61965299"	0	0	0	23	0	0	0	1	73	0	0	0	0	0	1	0	0	0
"rs61965300"	0	0	0	19	0	0	0	1	77	0	0	0	0	0	1	0	0	0
"rs61965303"	0	0	7	11	0	0	0	1	78	0	0	0	0	0	1	0	0	0
"rs61992813"	0	0	0	6	0	0	0	0	92	0	0	0	0	0	0	0	0	0
"rs61992828"	0	0	0	7	0	0	0	0	91	0	0	0	0	0	0	0	0	0
"rs62137179"	0	0	0	0	0	0	0	14	82	0	0	0	0	0	2	0	0	0
"rs62137180"	0	0	0	0	0	0	0	14	82	0	0	0	0	0	2	0	0	0
"rs62137182"	0	0	0	0	0	0	0	13	84	0	0	0	0	0	1	0	0	0
"rs62137183"	0	0	0	1	0	0	1	13	82	0	0	0	0	0	1	0	0	0
"rs62137185"	0	0	2	9	0	0	0	13	73	0	0	0	0	0	1	0	0	0
"rs62137188"	0	0	1	2	0	0	0	5	82	0	0	0	0	0	8	0	0	0
"rs62137214"	0	0	0	1	0	0	0	4	85	0	0	0	0	0	8	0	0	0
"rs62137215"	0	0	0	0	0	0	0	10	88	0	0	0	0	0	0	0	0	0
"rs62327333"	0	1	0	0	0	0	0	0	43	0	0	0	0	15	39	0	0	0
"rs62327334"	0	0	0	0	0	0	0	0	41	0	0	0	0	30	27	0	0	0
"rs62329082"	5	3	0	0	0	0	0	0	0	0	0	0	0	32	35	20	3	0
"rs62416965"	1	8	0	0	0	0	0	0	85	0	0	0	0	0	4	0	0	0
"rs62416969"	0	0	0	1	0	0	0	0	95	0	0	0	0	0	2	0	0	0
"rs62416972"	0	0	0	0	0	0	0	1	97	0	0	0	0	0	0	0	0	0
"rs62418741"	0	0	0	0	0	0	0	2	96	0	0	0	0	0	0	0	0	0
"rs62418743"	0	0	0	0	0	0	0	0	98	0	0	0	0	0	0	0	0	0
"rs62418744"	0	0	4	29	0	0	0	2	63	0	0	0	0	0	0	0	0	0
"rs62418964"	0	0	0	0	0	0	0	0	98	0	0	0	0	0	0	0	0	0
"rs62418966"	1	0	0	0	0	0	0	0	97	0	0	0	0	0	0	0	0	0
"rs62418970"	0	0	0	1	0	0	0	2	94	0	0	0	0	0	1	0	0	0
"rs62421105"	0	0	0	0	0	0	0	1	97	0	0	0	0	0	0	0	0	0
"rs62422963"	0	0	0	12	0	0	0	1	84	0	0	0	0	0	1	0	0	0
"rs624770"	0	0	0	0	0	0	0	4	55	0	0	0	0	8	31	0	0	0
"rs62504329"	0	0	0	0	0	0	0	0	4	0	0	0	0	0	94	0	0	0
"rs626400"	0	0	0	10	0	0	0	24	61	0	0	0	1	0	2	0	0	0
"rs626747"	0	14	0	1	0	0	1	19	36	0	0	1	1	0	23	0	0	2
"rs627795"	0	0	0	7	0	0	0	0	89	0	0	0	0	0	2	0	0	0
"rs628186"	0	0	0	10	0	0	0	24	62	0	0	0	1	0	1	0	0	0
"rs628495"	1	5	0	0	0	0	0	14	42	0	0	0	0	4	28	1	0	3
"rs6419697"	0	0	0	0	0	0	9	54	35	0	0	0	0	0	0	0	0	0
"rs6420691"	0	0	0	0	0	0	0	1	97	0	0	0	0	0	0	0	0	0
"rs642846"	0	1	0	12	0	0	0	20	62	0	0	1	0	0	2	0	0	0
"rs6430424"	0	3	0	0	0	0	0	7	74	0	0	0	0	0	14	0	0	0
"rs6430425"	0	0	0	0	0	0	0	13	81	0	0	0	0	0	4	0	0	0
"rs6432456"	0	0	0	4	0	0	0	0	94	0	0	0	0	0	0	0	0	0
"rs6432460"	0	0	2	23	0	0	0	0	72	0	0	0	0	0	1	0	0	0
"rs6462979"	0	0	0	3	0	0	0	0	95	0	0	0	0	0	0	0	0	0
"rs6462980"	0	0	0	4	0	0	0	1	93	0	0	0	0	0	0	0	0	0
"rs6467872"	0	2	0	0	0	0	0	8	83	0	0	0	0	0	5	0	0	0
"rs6477763"	0	0	0	2	0	0	0	16	54	0	0	0	0	2	24	0	0	0
"rs6477764"	0	0	4	6	0	0	0	5	64	0	0	0	0	0	19	0	0	0
"rs6477765"	0	0	4	5	0	0	0	5	65	0	0	0	0	0	19	0	0	0
"rs6501589"	0	3	0	2	0	0	0	0	74	0	0	0	0	0	19	0	0	0
"rs6501591"	0	0	0	0	0	0	0	1	77	0	0	0	0	0	20	0	0	0
"rs6501594"	4	0	22	35	0	0	0	0	26	0	0	0	0	0	11	0	0	0
"rs6502441"	0	0	0	8	0	0	0	27	45	0	0	0	0	0	18	0	0	0
"rs6543254"	0	0	0	7	0	0	1	16	71	0	0	0	0	0	3	0	0	0
"rs6543255"	0	0	0	12	0	0	0	10	69	0	0	0	0	0	7	0	0	0
"rs6543256"	2	4	0	7	0	0	0	7	73	0	0	0	0	0	1	0	0	4
"rs6547883"	0	0	0	0	0	0	0	0	95	0	0	0	0	0	3	0	0	0
"rs6547885"	0	0	0	0	0	0	0	0	9	0	0	0	0	2	87	0	0	0
"rs6547886"	0	0	0	0	0	0	0	0	9	0	0	0	0	3	86	0	0	0
"rs6547887"	2	5	0	0	0	0	0	0	1	0	0	0	0	13	70	6	0	1
"rs6547888"	2	5	0	0	0	0	0	0	1	0	0	0	0	13	70	6	0	1
"rs6547889"	2	2	0	0	0	0	0	0	1	0	1	0	0	38	46	7	0	1
"rs6547890"	0	1	0	0	0	0	0	0	1	0	1	0	0	42	48	2	0	3
"rs656255"	4	7	2	3	0	0	2	17	52	0	0	0	0	0	2	0	0	9
"rs656832"	0	0	1	9	0	0	0	3	81	0	0	0	0	0	4	0	0	0
"rs6568737"	0	0	0	0	0	0	0	0	98	0	0	0	0	0	0	0	0	0
"rs6568739"	0	0	0	0	0	0	0	0	98	0	0	0	0	0	0	0	0	0
"rs6570242"	0	1	0	0	0	0	0	10	64	0	0	0	0	0	23	0	0	0
"rs6573037"	0	0	0	7	0	0	0	2	84	0	0	0	0	0	5	0	0	0
"rs6573038"	0	0	0	1	0	0	0	4	72	0	0	0	0	0	21	0	0	0
"rs6573040"	0	0	0	0	0	0	0	1	70	0	0	0	0	0	27	0	0	0
"rs6576584"	0	0	2	34	0	0	0	2	40	0	0	0	0	0	20	0	0	0
"rs6576585"	0	0	4	32	0	0	0	2	42	0	0	0	0	0	18	0	0	0
"rs6588008"	0	0	0	0	0	0	0	49	49	0	0	0	0	0	0	0	0	0
"rs658933"	0	0	0	15	0	0	0	3	77	0	0	0	0	0	3	0	0	0
"rs6590390"	0	0	13	48	0	0	0	4	33	0	0	0	0	0	0	0	0	0
"rs6590391"	0	0	3	54	0	0	0	6	35	0	0	0	0	0	0	0	0	0
"rs6629094"	0	0	0	8	0	0	0	5	85	0	0	0	0	0	0	0	0	0
"rs6629096"	0	0	0	6	0	0	0	1	91	0	0	0	0	0	0	0	0	0
"rs6632642"	0	0	0	8	0	0	0	11	79	0	0	0	0	0	0	0	0	0
"rs6632644"	0	0	0	5	0	0	0	3	90	0	0	0	0	0	0	0	0	0
"rs6632653"	0	0	1	8	0	0	0	1	88	0	0	0	0	0	0	0	0	0
"rs6632654"	0	0	0	6	0	0	0	1	91	0	0	0	0	0	0	0	0	0
"rs66460938"	0	1	0	0	0	0	0	0	97	0	0	0	0	0	0	0	0	0
"rs66510608"	0	0	0	2	0	0	0	1	94	0	0	0	0	0	1	0	0	0
"rs66516314"	0	0	0	0	0	0	0	0	95	0	0	0	0	0	3	0	0	0
"rs6653620"	0	0	0	8	0	0	0	11	79	0	0	0	0	0	0	0	0	0
"rs6653978"	0	0	0	6	0	0	0	5	87	0	0	0	0	0	0	0	0	0
"rs6659893"	0	0	1	3	0	0	27	45	22	0	0	0	0	0	0	0	0	0
"rs66689046"	3	1	0	0	0	0	0	20	72	0	0	0	0	0	1	0	0	1
"rs66733371"	0	10	0	7	0	0	0	32	45	0	0	0	0	0	3	0	0	1
"rs6676070"	0	0	0	4	0	0	0	6	87	0	0	0	0	0	1	0	0	0
"rs66773100"	0	6	1	14	0	0	0	11	56	0	0	0	1	0	9	0	0	0
"rs66774450"	0	0	1	7	0	0	0	0	90	0	0	0	0	0	0	0	0	0
"rs66904675"	0	0	0	16	0	0	0	2	80	0	0	0	0	0	0	0	0	0
"rs6705324"	5	1	0	12	0	0	0	8	68	0	0	0	0	0	2	0	0	2
"rs6705780"	0	0	1	5	0	0	0	0	92	0	0	0	0	0	0	0	0	0
"rs67061569"	0	0	0	0	0	0	0	0	3	0	0	0	0	58	37	0	0	0
"rs6706663"	0	0	0	0	0	0	0	3	35	0	0	0	0	7	52	1	0	0
"rs6708297"	0	0	0	7	0	0	0	0	91	0	0	0	0	0	0	0	0	0
"rs67094938"	0	2	1	28	0	0	0	4	49	0	0	0	0	0	13	0	0	1
"rs67107222"	0	0	1	8	0	0	0	0	89	0	0	0	0	0	0	0	0	0
"rs6711103"	0	1	0	2	0	0	0	8	78	0	0	0	0	0	9	0	0	0
"rs6712572"	1	11	0	0	0	0	0	0	34	1	4	3	8	0	31	1	3	1
"rs6712839"	0	0	8	38	0	0	0	0	52	0	0	0	0	0	0	0	0	0
"rs6713049"	0	0	0	12	0	0	0	4	72	0	0	0	0	0	10	0	0	0
"rs67141225"	0	0	6	19	0	0	0	0	73	0	0	0	0	0	0	0	0	0
"rs6716230"	0	0	0	12	0	0	0	4	72	0	0	0	0	0	10	0	0	0
"rs671860"	0	1	0	0	0	0	0	0	57	1	0	0	0	5	34	0	0	0
"rs67190517"	0	0	0	12	0	0	0	0	84	0	0	0	0	0	2	0	0	0
"rs6720013"	0	0	1	7	0	0	0	0	90	0	0	0	0	0	0	0	0	0
"rs6721044"	0	1	0	0	0	0	0	3	35	0	0	0	0	11	48	0	0	0
"rs6721078"	0	24	0	0	0	0	0	0	1	0	17	4	20	0	29	0	0	3
"rs6721292"	0	1	0	0	0	0	0	3	35	0	0	0	0	8	50	1	0	0
"rs6722178"	0	3	0	5	0	0	3	16	66	0	0	0	0	0	5	0	0	0
"rs67229550"	2	7	3	17	0	1	5	19	42	0	0	0	0	0	1	0	0	1
"rs6723450"	0	0	2	8	0	0	0	0	88	0	0	0	0	0	0	0	0	0
"rs6724272"	0	1	0	0	0	0	0	3	35	0	0	0	0	8	50	1	0	0
"rs67248703"	0	0	0	3	0	0	0	0	95	0	0	0	0	0	0	0	0	0
"rs6725033"	0	0	0	0	0	0	0	1	94	0	0	0	0	0	3	0	0	0
"rs6725529"	0	1	5	23	0	0	0	0	69	0	0	0	0	0	0	0	0	0
"rs6725793"	0	0	6	22	0	0	0	0	69	0	0	0	0	0	1	0	0	0
"rs6727048"	0	0	3	18	0	0	0	35	42	0	0	0	0	0	0	0	0	0
"rs6728244"	0	0	0	5	0	0	0	0	93	0	0	0	0	0	0	0	0	0
"rs6728813"	0	0	1	4	0	0	0	0	93	0	0	0	0	0	0	0	0	0
"rs6731024"	0	0	0	0	0	0	0	2	93	0	2	0	0	0	1	0	0	0
"rs6732387"	0	0	0	0	0	0	0	16	80	0	0	0	0	0	2	0	0	0
"rs6733587"	3	4	1	7	0	0	0	0	81	0	0	0	0	0	0	0	0	2
"rs67357492"	0	3	3	18	0	0	6	21	45	0	0	0	0	0	2	0	0	0
"rs6736672"	0	0	0	6	0	0	0	0	92	0	0	0	0	0	0	0	0	0
"rs6737047"	0	0	0	1	0	0	0	0	96	0	0	0	0	0	1	0	0	0
"rs6737065"	0	0	0	0	0	0	0	0	94	0	0	0	0	0	4	0	0	0
"rs6738231"	0	0	0	0	0	0	0	0	4	0	0	0	0	28	66	0	0	0
"rs6738736"	0	0	0	0	0	0	0	0	4	0	0	0	0	21	72	1	0	0
"rs6741274"	0	0	4	19	0	0	0	33	42	0	0	0	0	0	0	0	0	0
"rs6745802"	0	0	0	5	0	0	0	0	93	0	0	0	0	0	0	0	0	0
"rs6746923"	3	9	0	1	0	0	0	6	67	0	0	0	0	0	5	0	0	7
"rs6747818"	0	2	1	7	0	0	0	0	88	0	0	0	0	0	0	0	0	0
"rs6749443"	2	0	0	12	0	0	0	8	70	0	0	0	0	0	1	0	0	5
"rs6749637"	0	0	0	6	0	0	0	0	92	0	0	0	0	0	0	0	0	0
"rs6750306"	0	1	0	2	0	0	0	8	78	0	0	0	0	0	9	0	0	0
"rs6753803"	0	0	0	0	0	0	0	3	37	0	0	0	0	34	23	1	0	0
"rs6754680"	0	0	10	1	0	0	0	0	2	0	0	0	0	55	30	0	0	0
"rs6755693"	0	0	0	0	0	0	0	2	93	0	2	0	0	0	1	0	0	0
"rs6757636"	0	0	1	8	0	0	0	0	89	0	0	0	0	0	0	0	0	0
"rs6769274"	1	2	0	0	0	0	0	10	81	0	0	0	0	0	4	0	0	0
"rs67739818"	0	0	0	13	0	0	0	0	83	0	0	0	0	0	2	0	0	0
"rs6774763"	0	0	0	1	0	0	0	0	29	0	0	0	0	0	68	0	0	0
"rs67809137"	0	0	0	15	0	0	0	2	81	0	0	0	0	0	0	0	0	0
"rs6781629"	4	16	0	0	0	0	0	5	36	0	0	1	0	0	25	0	0	11
"rs6783408"	12	14	0	0	0	0	0	1	16	0	0	0	1	0	18	0	2	34
"rs67866163"	0	0	0	14	0	0	0	1	83	0	0	0	0	0	0	0	0	0
"rs6789758"	23	9	0	0	0	0	0	1	16	0	0	3	0	0	6	1	0	39
"rs67908374"	0	0	0	10	0	0	0	0	88	0	0	0	0	0	0	0	0	0
"rs67912614"	1	15	0	0	0	5	6	37	19	0	0	0	0	0	13	1	0	1
"rs67932475"	0	0	0	4	0	0	0	5	67	0	0	0	0	0	22	0	0	0
"rs68005971"	0	0	0	7	0	0	0	38	45	0	0	0	0	0	8	0	0	0
"rs6800733"	0	1	0	8	0	0	0	5	84	0	0	0	0	0	0	0	0	0
"rs68025604"	0	0	0	7	0	0	1	36	46	0	0	0	0	0	8	0	0	0
"rs68147667"	4	25	0	0	0	0	2	12	44	0	0	1	2	0	2	0	0	6
"rs6830935"	0	0	0	0	0	0	0	3	82	0	0	0	0	0	13	0	0	0
"rs683296"	0	2	0	0	0	0	0	0	57	0	0	0	1	5	33	0	0	0
"rs683558"	0	0	0	0	0	0	1	5	50	0	0	0	0	11	31	0	0	0
"rs6848384"	0	0	0	2	0	0	0	3	92	0	0	0	0	0	1	0	0	0
"rs6848961"	0	0	0	0	0	0	0	0	48	0	0	0	0	1	49	0	0	0
"rs685456"	0	0	0	0	0	0	0	6	50	0	0	0	0	10	32	0	0	0
"rs6862472"	11	3	0	0	0	0	0	17	63	0	0	0	0	0	3	0	0	1
"rs687184"	0	0	1	4	0	0	0	0	93	0	0	0	0	0	0	0	0	0
"rs6881817"	4	4	0	0	0	0	0	11	70	0	0	0	0	0	9	0	0	0
"rs6881996"	5	3	0	0	0	0	0	11	68	0	0	0	0	0	9	0	0	2
"rs6902363"	0	0	0	3	0	0	0	1	94	0	0	0	0	0	0	0	0	0
"rs6902785"	0	0	0	0	0	0	0	2	95	0	0	0	0	0	1	0	0	0
"rs6905434"	0	0	0	21	0	0	0	0	76	0	0	0	0	0	1	0	0	0
"rs6922474"	0	0	0	3	0	0	0	1	94	0	0	0	0	0	0	0	0	0
"rs6924970"	0	1	0	1	0	0	0	0	95	0	0	0	0	0	1	0	0	0
"rs6942495"	0	0	0	0	0	0	0	9	81	0	0	0	0	0	8	0	0	0
"rs7006225"	0	0	0	0	0	0	0	4	90	0	0	0	0	0	4	0	0	0
"rs7036046"	0	3	0	0	0	0	2	14	56	0	0	0	0	6	17	0	0	0
"rs7038810"	0	0	0	1	0	0	0	11	57	0	0	0	0	2	27	0	0	0
"rs7051048"	0	0	0	8	0	0	0	10	80	0	0	0	0	0	0	0	0	0
"rs7051187"	0	0	0	8	0	0	0	10	80	0	0	0	0	0	0	0	0	0
"rs7059418"	0	0	0	6	0	0	0	4	88	0	0	0	0	0	0	0	0	0
"rs7061286"	0	0	0	6	0	0	0	4	88	0	0	0	0	0	0	0	0	0
"rs7062797"	0	0	0	5	0	0	0	1	92	0	0	0	0	0	0	0	0	0
"rs7065751"	0	0	0	1	0	0	0	2	95	0	0	0	0	0	0	0	0	0
"rs7066544"	0	0	0	1	0	0	0	3	94	0	0	0	0	0	0	0	0	0
"rs7068309"	1	6	0	1	0	0	0	7	54	0	0	0	0	1	27	0	0	1
"rs7068965"	1	46	0	0	0	0	0	0	0	0	4	0	3	0	42	1	0	1
"rs7070814"	0	0	0	0	0	0	2	9	56	0	0	0	0	0	31	0	0	0
"rs7070844"	0	0	0	0	0	0	2	9	56	0	0	0	0	0	31	0	0	0
"rs7075656"	0	14	0	0	0	0	0	15	38	0	0	0	0	0	29	0	0	2
"rs7080767"	0	11	0	1	0	0	0	8	52	0	0	0	0	1	25	0	0	0
"rs7089060"	0	18	0	0	0	0	2	11	46	0	0	0	0	0	18	1	0	2
"rs7093347"	6	8	0	0	0	0	3	11	43	0	0	0	1	2	17	1	3	3
"rs70965024"	0	0	0	0	0	0	0	4	53	0	0	0	0	0	41	0	0	0
"rs7096838"	3	18	0	0	0	0	0	0	1	0	0	0	2	3	66	4	0	1
"rs7097908"	0	4	0	1	0	0	0	10	56	0	0	0	0	1	26	0	0	0
"rs7098025"	0	11	0	1	0	0	0	8	52	0	0	0	0	1	25	0	0	0
"rs7098165"	0	6	0	1	0	0	0	7	53	0	0	0	0	1	29	0	0	1
"rs71084450"	0	0	0	0	0	0	0	0	58	0	0	0	0	0	40	0	0	0
"rs71193950"	0	1	0	0	0	0	44	38	12	0	0	0	0	0	3	0	0	0
"rs7132713"	1	3	0	7	0	0	1	19	60	0	0	0	0	0	7	0	0	0
"rs71353723"	0	7	0	1	0	0	1	23	63	0	0	0	0	0	3	0	0	0
"rs71373876"	0	1	0	0	0	0	14	62	17	0	0	0	0	0	4	0	0	0
"rs71373989"	0	0	0	0	0	0	0	3	92	0	0	0	0	0	3	0	0	0
"rs7140413"	0	0	0	3	0	0	0	0	95	0	0	0	0	0	0	0	0	0
"rs7144021"	2	11	0	0	0	0	0	7	73	0	0	0	0	0	5	0	0	0
"rs71495123"	0	0	4	6	0	0	0	5	64	0	0	0	0	0	19	0	0	0
"rs7152319"	0	4	0	0	0	0	2	44	42	0	0	0	0	0	6	0	0	0
"rs7153090"	0	0	0	3	0	0	0	0	95	0	0	0	0	0	0	0	0	0
"rs71541032"	0	0	0	0	0	0	0	0	96	0	0	0	0	0	2	0	0	0
"rs7155073"	0	0	3	18	0	0	0	1	73	0	0	0	1	0	2	0	0	0
"rs7155316"	0	1	0	0	0	0	0	7	74	0	0	0	0	0	16	0	0	0
"rs7155342"	0	1	0	10	0	0	0	0	87	0	0	0	0	0	0	0	0	0
"rs7159021"	0	0	0	3	0	0	0	0	95	0	0	0	0	0	0	0	0	0
"rs7162732"	3	4	0	31	0	0	0	4	43	0	1	0	0	0	12	0	0	0
"rs7173713"	0	6	2	34	0	0	0	2	49	0	0	0	0	0	5	0	0	0
"rs71826397"	0	0	0	0	0	0	0	3	36	0	0	0	0	20	39	0	0	0
"rs7210436"	2	13	1	0	0	0	0	2	55	0	0	1	0	0	19	0	0	5
"rs7211589"	0	3	1	3	0	0	0	0	71	0	0	0	0	0	20	0	0	0
"rs72134357"	3	8	0	1	0	0	0	5	76	0	0	0	0	0	5	0	0	0
"rs7213781"	3	6	4	32	0	0	0	0	36	0	0	0	0	0	17	0	0	0
"rs7216208"	0	0	0	1	0	1	10	46	38	0	0	0	0	0	2	0	0	0
"rs7216928"	3	17	0	0	0	0	0	1	43	1	5	3	6	0	15	0	0	4
"rs7217198"	0	3	1	3	0	0	0	0	71	0	0	0	0	0	20	0	0	0
"rs7217780"	1	11	0	1	0	0	1	22	57	0	1	0	0	0	3	0	0	1
"rs7218007"	0	6	2	20	0	0	0	0	51	0	0	0	0	0	18	0	0	1
"rs7223883"	0	2	0	0	0	0	0	0	44	0	0	0	0	1	51	0	0	0
"rs7225039"	0	0	0	0	0	0	0	0	69	0	0	0	0	0	29	0	0	0
"rs72283481"	0	0	2	11	0	0	0	3	82	0	0	0	0	0	0	0	0	0
"rs72311625"	0	1	0	0	0	0	1	61	34	0	1	0	0	0	0	0	0	0
"rs7231406"	0	0	0	1	0	0	0	9	79	0	0	0	0	1	8	0	0	0
"rs72540432"	0	0	0	1	0	0	0	7	67	0	0	0	0	0	23	0	0	0
"rs72545460"	0	0	0	2	0	0	6	29	61	0	0	0	0	0	0	0	0	0
"rs72549845"	2	7	0	0	0	0	0	2	82	0	0	0	0	0	3	0	0	2
"rs72636967"	0	1	0	0	0	2	3	11	59	0	0	0	0	0	22	0	0	0
"rs72670814"	0	1	2	10	0	0	0	5	80	0	0	0	0	0	0	0	0	0
"rs72765595"	0	3	3	2	0	0	6	29	50	0	0	0	0	0	5	0	0	0
"rs72765596"	0	3	3	2	0	0	6	29	50	0	0	0	0	0	5	0	0	0
"rs72767325"	1	11	3	4	0	1	5	20	43	0	0	3	0	0	3	0	0	4
"rs72767353"	0	1	0	9	0	0	2	11	70	0	0	0	1	0	4	0	0	0
"rs72767375"	0	0	0	11	0	0	2	18	54	0	0	0	0	0	13	0	0	0
"rs72767394"	0	0	0	13	0	0	0	20	63	0	0	0	0	0	2	0	0	0
"rs72827222"	0	1	1	2	0	0	1	9	65	0	0	0	0	0	19	0	0	0
"rs72834951"	5	8	0	0	0	1	0	2	20	0	0	2	0	10	44	2	0	4
"rs728375"	0	0	0	0	0	0	0	31	64	0	0	0	0	0	3	0	0	0
"rs72852879"	4	41	0	0	0	0	0	0	3	1	4	4	3	0	31	4	0	3
"rs72854744"	3	1	0	0	0	0	0	0	4	0	0	0	0	16	70	3	1	0
"rs72854758"	0	0	0	0	0	0	0	4	87	0	0	0	0	0	7	0	0	0
"rs72881686"	0	1	0	1	0	0	0	4	91	0	0	0	0	0	1	0	0	0
"rs7294385"	1	5	0	10	0	0	0	17	60	0	0	0	0	0	2	0	0	3
"rs72946372"	0	0	0	7	0	0	0	0	88	0	0	0	0	0	3	0	0	0
"rs72963141"	0	0	0	12	0	0	0	0	86	0	0	0	0	0	0	0	0	0
"rs72963152"	0	0	0	1	0	0	0	2	94	0	0	0	0	0	1	0	0	0
"rs72964129"	0	0	1	1	0	0	2	37	57	0	0	0	0	0	0	0	0	0
"rs72964183"	0	0	0	3	0	0	6	37	51	0	0	0	0	0	1	0	0	0
"rs72964189"	0	0	0	5	0	0	0	34	58	0	0	0	0	0	1	0	0	0
"rs73013422"	0	0	3	9	0	0	6	32	47	0	0	0	0	0	1	0	0	0
"rs73013451"	0	0	1	16	0	0	1	24	53	0	0	0	0	0	3	0	0	0
"rs73019160"	0	5	3	16	0	3	4	20	41	0	0	0	0	0	1	0	0	5
"rs73059687"	20	14	0	0	0	0	0	1	18	0	0	0	0	0	38	0	0	7
"rs73059690"	16	13	0	0	0	0	0	1	18	0	0	0	0	0	33	0	0	17
"rs73059691"	21	11	0	0	0	0	0	1	18	0	0	0	0	0	26	0	0	21
"rs73110641"	0	0	0	14	0	0	0	6	77	0	0	0	0	0	1	0	0	0
"rs73110643"	0	0	0	14	0	0	0	6	77	0	0	0	0	0	1	0	0	0
"rs73110649"	0	0	0	10	0	0	0	5	82	0	0	0	0	0	1	0	0	0
"rs73110662"	0	0	0	6	0	0	0	8	82	0	0	0	0	0	2	0	0	0
"rs73114234"	0	5	0	5	0	0	0	1	86	0	0	0	0	0	1	0	0	0
"rs7318210"	0	0	0	12	0	0	0	0	85	0	0	0	0	0	1	0	0	0
"rs7318701"	0	0	0	15	0	0	0	2	81	0	0	0	0	0	0	0	0	0
"rs73208493"	0	0	2	11	0	0	0	1	84	0	0	0	0	0	0	0	0	0
"rs73210417"	0	0	0	10	0	0	0	1	87	0	0	0	0	0	0	0	0	0
"rs73210418"	0	0	0	15	0	0	0	1	81	0	1	0	0	0	0	0	0	0
"rs73210424"	0	0	0	36	0	0	0	0	62	0	0	0	0	0	0	0	0	0
"rs73210425"	0	0	0	41	0	0	0	0	57	0	0	0	0	0	0	0	0	0
"rs73210440"	0	0	0	7	0	0	0	0	91	0	0	0	0	0	0	0	0	0
"rs73210442"	0	0	0	11	0	0	0	0	86	0	0	0	0	0	1	0	0	0
"rs73210461"	0	0	0	16	0	0	0	2	80	0	0	0	0	0	0	0	0	0
"rs73210463"	0	0	0	15	0	0	0	2	81	0	0	0	0	0	0	0	0	0
"rs73210469"	0	0	0	8	0	0	0	1	89	0	0	0	0	0	0	0	0	0
"rs73210470"	0	0	0	8	0	0	0	1	89	0	0	0	0	0	0	0	0	0
"rs73210500"	0	0	0	10	0	0	0	0	88	0	0	0	0	0	0	0	0	0
"rs73212520"	0	0	0	11	0	0	0	0	87	0	0	0	0	0	0	0	0	0
"rs73212551"	0	0	0	6	0	0	0	0	90	0	0	0	0	0	2	0	0	0
"rs73214616"	0	0	0	19	0	0	0	0	79	0	0	0	0	0	0	0	0	0
"rs73214623"	0	0	1	22	0	0	0	0	75	0	0	0	0	0	0	0	0	0
"rs7324005"	0	0	0	12	0	0	0	1	85	0	0	0	0	0	0	0	0	0
"rs7326264"	0	0	6	11	0	0	0	0	81	0	0	0	0	0	0	0	0	0
"rs73314718"	1	0	0	0	0	0	0	1	15	0	0	0	0	1	79	1	0	0
"rs73323006"	0	0	0	0	0	0	6	44	45	0	0	0	0	0	3	0	0	0
"rs7332434"	1	2	0	0	0	0	0	0	29	0	0	0	0	2	63	0	1	0
"rs7335183"	0	0	0	15	0	0	0	2	81	0	0	0	0	0	0	0	0	0
"rs7335446"	0	0	0	15	0	0	0	2	81	0	0	0	0	0	0	0	0	0
"rs7335452"	0	0	0	15	0	0	0	2	81	0	0	0	0	0	0	0	0	0
"rs7335468"	0	0	0	15	0	0	0	2	81	0	0	0	0	0	0	0	0	0
"rs73368376"	0	3	8	30	0	0	0	2	47	0	0	0	0	0	7	0	0	1
"rs73456525"	0	2	4	14	0	0	3	16	59	0	0	0	0	0	0	0	0	0
"rs73464266"	0	0	0	3	0	0	0	3	92	0	0	0	0	0	0	0	0	0
"rs73466105"	0	0	0	7	0	0	0	4	87	0	0	0	0	0	0	0	0	0
"rs73466106"	0	0	0	6	0	0	0	4	88	0	0	0	0	0	0	0	0	0
"rs73466129"	0	1	1	7	0	0	2	7	80	0	0	0	0	0	0	0	0	0
"rs73466143"	0	0	0	5	0	0	0	5	88	0	0	0	0	0	0	0	0	0
"rs73466149"	0	0	0	5	0	0	0	5	88	0	0	0	0	0	0	0	0	0
"rs73466153"	1	0	0	4	0	0	0	3	90	0	0	0	0	0	0	0	0	0
"rs73466155"	0	0	0	4	0	0	0	3	91	0	0	0	0	0	0	0	0	0
"rs73466156"	0	0	0	4	0	0	0	3	91	0	0	0	0	0	0	0	0	0
"rs73466157"	0	0	0	4	0	0	0	3	91	0	0	0	0	0	0	0	0	0
"rs73466198"	0	0	0	4	0	0	0	3	91	0	0	0	0	0	0	0	0	0
"rs73468142"	0	0	1	15	0	0	0	5	77	0	0	0	0	0	0	0	0	0
"rs73524368"	0	0	1	19	0	0	0	9	60	0	1	0	0	0	8	0	0	0
"rs7368927"	1	5	0	0	0	0	0	0	17	0	0	0	0	0	75	0	0	0
"rs7370665"	0	0	0	4	0	0	1	21	71	0	0	0	0	0	1	0	0	0
"rs737263"	0	0	0	1	0	0	11	31	51	0	0	0	0	0	4	0	0	0
"rs73814923"	6	20	0	0	0	0	0	0	5	0	0	2	1	0	53	0	1	10
"rs7394987"	0	0	0	0	0	0	0	8	67	0	0	0	0	0	23	0	0	0
"rs7395269"	0	0	0	0	0	0	0	9	66	0	0	0	0	0	23	0	0	0
"rs73961442"	0	0	0	9	0	0	0	21	68	0	0	0	0	0	0	0	0	0
"rs73998309"	0	0	0	0	0	0	0	1	77	0	0	0	0	0	20	0	0	0
"rs74004605"	0	0	5	56	0	0	0	1	34	0	0	0	0	0	2	0	0	0
"rs74004610"	0	0	13	35	0	0	0	0	48	0	0	0	0	0	2	0	0	0
"rs74004614"	2	9	11	29	0	0	0	1	40	0	0	1	0	0	3	2	0	0
"rs74004616"	0	2	1	39	0	0	0	1	42	0	0	0	0	0	11	1	0	1
"rs74004622"	3	1	26	19	1	0	0	0	26	2	13	0	0	1	5	0	0	1
"rs74004627"	0	8	1	35	0	0	0	2	48	0	0	0	0	0	4	0	0	0
"rs74008029"	1	1	0	1	0	0	0	6	44	0	0	0	0	1	43	0	0	1
"rs74008033"	2	1	1	1	0	0	0	5	45	0	0	1	0	0	40	0	0	2
"rs74122262"	0	4	0	1	0	0	0	10	56	0	0	0	1	1	25	0	0	0
"rs74122289"	2	0	0	0	0	0	0	7	59	0	0	0	0	0	29	0	0	1
"rs74122292"	0	0	0	0	0	0	0	11	71	0	0	0	0	0	16	0	0	0
"rs7423095"	0	0	0	0	0	0	0	0	1	0	0	0	0	63	34	0	0	0
"rs74241867"	0	1	0	6	0	0	1	42	45	0	0	0	0	0	3	0	0	0
"rs74253744"	0	1	0	0	0	0	0	1	72	0	0	0	0	0	24	0	0	0
"rs74253747"	0	0	5	42	0	0	0	0	35	0	0	0	0	0	16	0	0	0
"rs7425977"	0	0	0	3	0	0	0	0	95	0	0	0	0	0	0	0	0	0
"rs7427981"	0	0	0	0	0	0	0	9	80	0	0	0	0	0	9	0	0	0
"rs74320829"	0	0	0	2	0	0	1	21	74	0	0	0	0	0	0	0	0	0
"rs74348159"	0	0	18	18	0	0	0	15	47	0	0	0	0	0	0	0	0	0
"rs74352040"	0	2	0	0	0	0	0	18	74	0	0	0	0	0	3	0	0	1
"rs74384795"	0	2	0	9	0	0	0	4	82	0	0	0	0	0	1	0	0	0
"rs74402603"	6	4	0	1	0	0	0	10	74	0	0	0	0	0	3	0	0	0
"rs74440739"	0	0	4	0	0	0	0	0	60	0	0	0	0	5	29	0	0	0
"rs74465883"	0	0	0	12	0	0	0	0	86	0	0	0	0	0	0	0	0	0
"rs74481046"	0	0	0	1	0	0	0	7	87	0	0	0	0	0	3	0	0	0
"rs74497719"	0	1	0	0	0	0	0	0	60	0	0	0	0	0	37	0	0	0
"rs74514462"	0	0	0	0	0	0	0	14	65	0	0	0	0	5	14	0	0	0
"rs74567869"	0	0	0	13	0	0	0	2	83	0	0	0	0	0	0	0	0	0
"rs74601621"	0	0	0	1	0	0	0	0	86	0	0	0	0	1	10	0	0	0
"rs74605693"	0	0	0	21	0	0	1	19	57	0	0	0	0	0	0	0	0	0
"rs74619635"	0	0	0	0	0	0	0	0	85	0	0	0	0	0	13	0	0	0
"rs74660634"	0	2	0	1	0	0	0	20	72	0	0	0	1	0	2	0	0	0
"rs74682029"	0	0	0	1	0	0	4	51	40	0	0	0	0	0	2	0	0	0
"rs74781043"	0	0	0	2	0	0	1	21	74	0	0	0	0	0	0	0	0	0
"rs74839492"	0	0	0	5	0	0	0	21	72	0	0	0	0	0	0	0	0	0
"rs74865988"	0	0	0	23	0	0	1	18	56	0	0	0	0	0	0	0	0	0
"rs74936361"	2	2	0	0	0	0	0	0	63	0	0	0	0	0	31	0	0	0
"rs74939538"	0	0	10	24	0	0	1	16	47	0	0	0	0	0	0	0	0	0
"rs74964904"	0	0	31	8	0	0	0	0	34	0	0	0	0	19	5	1	0	0
"rs749753"	17	25	0	0	0	0	0	1	17	0	0	0	0	0	21	0	0	17
"rs74981375"	0	8	0	4	0	0	0	0	69	0	0	0	0	0	15	0	0	2
"rs75002003"	0	3	0	1	0	0	0	0	65	0	0	0	0	0	29	0	0	0
"rs75010271"	1	1	9	4	0	0	0	0	76	0	0	0	1	0	5	0	0	1
"rs75019445"	1	9	0	0	0	0	0	0	16	0	0	0	0	0	70	0	0	2
"rs7502492"	0	1	1	9	0	0	0	27	56	0	0	0	0	0	4	0	0	0
"rs75028002"	0	1	0	0	0	0	0	6	67	0	0	0	0	0	24	0	0	0
"rs75037941"	0	0	1	23	0	0	1	17	56	0	0	0	0	0	0	0	0	0
"rs75055007"	5	6	1	2	0	0	0	6	41	0	0	1	0	0	30	1	1	4
"rs75056470"	0	0	2	5	0	0	0	0	62	0	0	0	0	1	28	0	0	0
"rs75142678"	0	0	0	0	0	0	0	4	81	0	0	0	0	0	13	0	0	0
"rs75229777"	1	4	0	9	0	0	2	22	52	0	0	0	0	0	6	0	0	2
"rs7523704"	0	0	0	5	0	0	0	0	90	0	0	0	0	0	3	0	0	0
"rs75266569"	0	0	0	0	0	0	0	9	88	0	0	0	0	0	1	0	0	0
"rs75292075"	1	4	0	0	0	0	8	19	56	0	0	0	0	0	10	0	0	0
"rs75321670"	0	0	0	2	0	0	0	0	94	0	0	0	0	0	2	0	0	0
"rs75332286"	0	0	3	29	0	0	1	16	49	0	0	0	0	0	0	0	0	0
"rs7537459"	0	1	0	0	0	0	0	38	59	0	0	0	0	0	0	0	0	0
"rs75383944"	0	0	0	0	0	0	0	11	71	0	0	0	0	0	16	0	0	0
"rs75386492"	2	7	0	0	0	0	0	20	50	0	0	0	0	0	19	0	0	0
"rs75495909"	0	4	0	1	0	0	0	10	56	0	0	0	1	1	25	0	0	0
"rs75533434"	8	2	0	0	0	1	2	4	12	0	0	0	0	11	50	7	1	0
"rs7556977"	0	0	0	2	0	0	1	12	82	0	0	0	0	0	1	0	0	0
"rs75571551"	0	0	0	0	0	0	0	3	94	0	0	0	0	0	1	0	0	0
"rs75592562"	0	1	0	6	0	0	1	42	45	0	0	0	0	0	3	0	0	0
"rs7562741"	5	11	0	0	0	0	0	8	59	0	0	2	0	0	4	0	0	9
"rs7567521"	0	0	1	7	0	0	0	0	87	0	0	0	0	0	3	0	0	0
"rs7569649"	0	0	0	4	0	0	0	0	94	0	0	0	0	0	0	0	0	0
"rs75700017"	1	0	0	0	0	0	0	3	79	0	0	0	0	0	15	0	0	0
"rs7570445"	0	0	1	4	0	0	0	0	93	0	0	0	0	0	0	0	0	0
"rs75721874"	0	0	0	27	0	0	1	16	54	0	0	0	0	0	0	0	0	0
"rs75727448"	0	0	0	21	0	0	0	19	58	0	0	0	0	0	0	0	0	0
"rs7573411"	0	0	0	0	0	0	0	0	95	0	0	0	0	0	3	0	0	0
"rs75734783"	0	0	0	1	0	0	0	3	92	0	0	0	0	0	2	0	0	0
"rs7577241"	0	0	0	0	0	0	0	3	36	0	0	0	0	20	37	2	0	0
"rs75793233"	0	0	0	21	0	0	0	19	58	0	0	0	0	0	0	0	0	0
"rs75826394"	0	1	0	0	0	0	0	6	91	0	0	0	0	0	0	0	0	0
"rs7582866"	0	0	0	1	0	0	0	1	95	0	0	0	0	0	1	0	0	0
"rs7583003"	0	0	0	1	0	0	0	1	95	0	0	0	0	0	1	0	0	0
"rs7585555"	0	0	0	5	0	0	0	0	93	0	0	0	0	0	0	0	0	0
"rs7585890"	0	0	0	1	0	0	0	1	95	0	0	0	0	0	1	0	0	0
"rs7588122"	0	0	0	7	0	0	0	0	91	0	0	0	0	0	0	0	0	0
"rs75894369"	0	0	0	4	0	0	0	0	94	0	0	0	0	0	0	0	0	0
"rs7589735"	0	0	0	0	0	0	19	45	34	0	0	0	0	0	0	0	0	0
"rs75917022"	3	11	4	11	0	0	5	12	47	0	0	0	0	0	0	0	0	5
"rs7591704"	1	7	0	0	0	0	0	0	32	5	11	7	14	0	19	0	1	1
"rs75932746"	0	0	4	29	0	0	1	17	47	0	0	0	0	0	0	0	0	0
"rs7594852"	0	10	0	0	0	0	0	0	1	18	23	15	31	0	0	0	0	0
"rs7595258"	7	4	0	0	0	0	0	10	61	0	0	0	0	0	15	0	0	1
"rs7595492"	0	0	0	0	0	0	0	0	7	0	0	0	0	32	59	0	0	0
"rs75971282"	2	4	0	0	0	0	0	21	64	0	0	0	0	0	7	0	0	0
"rs7597951"	1	2	2	11	0	0	0	12	64	0	0	0	0	0	6	0	0	0
"rs7599690"	1	4	0	0	0	0	0	2	31	0	0	0	0	20	38	2	0	0
"rs7605082"	0	0	0	7	0	0	0	0	91	0	0	0	0	0	0	0	0	0
"rs7607470"	2	12	0	0	0	0	0	0	34	1	2	2	1	0	40	2	2	0
"rs7608105"	0	0	0	0	0	0	0	0	2	0	0	0	0	85	5	6	0	0
"rs7609005"	0	0	1	7	0	0	0	0	90	0	0	0	0	0	0	0	0	0
"rs76132158"	0	0	0	22	0	0	0	19	57	0	0	0	0	0	0	0	0	0
"rs76311950"	0	1	0	1	0	0	0	7	87	0	0	0	0	0	2	0	0	0
"rs76443131"	2	3	0	0	0	0	0	1	65	0	0	0	0	0	26	1	0	0
"rs76498632"	0	0	0	0	0	0	0	18	79	0	0	0	0	0	1	0	0	0
"rs76502400"	0	0	2	19	0	0	0	1	58	0	0	0	0	3	15	0	0	0
"rs76519089"	0	0	0	0	0	0	0	0	4	0	0	0	0	0	94	0	0	0
"rs76605517"	0	1	0	0	0	0	0	9	70	0	0	0	0	6	12	0	0	0
"rs76606252"	2	7	0	0	0	0	0	0	58	0	0	0	0	0	31	0	0	0
"rs76673624"	0	0	0	5	0	0	0	21	72	0	0	0	0	0	0	0	0	0
"rs76678272"	3	23	0	0	0	0	0	0	0	0	2	0	0	2	57	3	0	8
"rs76744796"	1	11	0	0	0	0	0	3	79	0	0	0	0	0	4	0	0	0
"rs76752115"	0	0	0	0	0	0	0	11	71	0	0	0	0	0	16	0	0	0
"rs76790684"	0	0	6	8	0	0	0	0	64	0	0	0	0	0	20	0	0	0
"rs76860078"	4	1	0	0	0	0	0	0	52	0	0	0	0	0	41	0	0	0
"rs76943221"	0	0	0	0	0	0	0	0	0	76	20	1	1	0	0	0	0	0
"rs76991124"	5	1	0	0	0	0	0	0	4	0	0	0	0	16	67	4	1	0
"rs77000653"	0	6	0	0	0	0	0	11	63	0	0	0	0	1	17	0	0	0
"rs77026268"	5	1	0	0	0	0	0	0	52	0	0	0	0	0	39	0	0	1
"rs77056984"	0	1	0	0	0	0	0	0	12	4	65	1	13	0	1	0	0	1
"rs77109679"	0	0	8	18	0	0	0	6	66	0	0	0	0	0	0	0	0	0
"rs77222909"	0	0	4	12	0	0	0	0	53	0	0	0	0	9	20	0	0	0
"rs7729301"	0	0	0	0	0	0	0	12	70	0	0	0	0	0	16	0	0	0
"rs77350271"	0	0	0	0	0	0	1	6	67	0	0	0	0	6	18	0	0	0
"rs77351505"	0	0	0	1	0	0	0	1	93	0	0	0	0	0	3	0	0	0
"rs7738144"	0	0	0	18	0	0	0	1	79	0	0	0	0	0	0	0	0	0
"rs7741427"	0	0	0	17	0	0	0	0	81	0	0	0	0	0	0	0	0	0
"rs77468945"	0	0	0	10	0	0	0	2	85	0	0	0	0	0	1	0	0	0
"rs77506515"	0	0	4	29	0	0	1	17	47	0	0	0	0	0	0	0	0	0
"rs77508396"	0	0	0	21	0	0	1	19	57	0	0	0	0	0	0	0	0	0
"rs7752178"	0	0	0	18	0	0	0	1	79	0	0	0	0	0	0	0	0	0
"rs77533942"	4	3	0	0	0	0	1	5	82	0	0	0	0	0	2	0	0	1
"rs7754535"	2	0	0	0	0	0	0	1	83	0	0	0	0	0	11	0	0	1
"rs7757222"	0	1	0	1	0	0	0	0	93	0	0	0	0	0	3	0	0	0
"rs7758230"	0	0	0	30	0	0	0	0	68	0	0	0	0	0	0	0	0	0
"rs7763238"	0	0	0	19	0	0	0	0	78	0	0	0	0	0	1	0	0	0
"rs77683279"	0	0	0	8	0	0	1	19	70	0	0	0	0	0	0	0	0	0
"rs7772098"	0	0	0	43	0	0	0	0	55	0	0	0	0	0	0	0	0	0
"rs77736278"	0	0	3	29	0	0	1	16	49	0	0	0	0	0	0	0	0	0
"rs7773833"	3	0	3	4	0	0	0	1	76	0	0	0	0	0	11	0	0	0
"rs77753155"	0	0	0	2	0	0	1	21	74	0	0	0	0	0	0	0	0	0
"rs7775574"	0	0	0	13	0	0	0	0	85	0	0	0	0	0	0	0	0	0
"rs77783046"	0	0	0	3	0	0	0	21	74	0	0	0	0	0	0	0	0	0
"rs7779860"	1	1	0	1	0	0	0	2	93	0	0	0	0	0	0	0	0	0
"rs7782097"	0	1	1	15	0	0	0	0	77	0	0	0	0	0	4	0	0	0
"rs7782189"	0	0	0	19	0	0	0	0	75	0	0	0	0	0	4	0	0	0
"rs7785515"	8	8	0	6	0	0	0	0	60	0	0	0	0	0	0	0	0	16
"rs77897108"	0	0	0	0	0	0	0	0	73	0	0	0	0	3	22	0	0	0
"rs77935630"	0	3	0	1	0	0	0	0	65	0	0	0	0	0	29	0	0	0
"rs77937060"	5	0	0	0	0	0	0	3	66	0	0	0	0	0	23	0	0	1
"rs78011998"	0	0	0	1	0	0	0	7	87	0	0	0	0	0	3	0	0	0
"rs7803105"	11	4	0	7	0	0	0	0	60	0	0	0	1	0	1	0	0	14
"rs78063043"	1	6	0	2	0	0	0	0	72	0	0	0	0	0	15	0	0	2
"rs78159179"	0	0	0	2	0	0	1	21	74	0	0	0	0	0	0	0	0	0
"rs78162455"	0	0	1	26	0	0	0	1	70	0	0	0	0	0	0	0	0	0
"rs78176443"	0	0	1	23	0	0	1	17	56	0	0	0	0	0	0	0	0	0
"rs7821950"	0	0	0	0	0	0	0	3	91	0	0	0	0	0	4	0	0	0
"rs78278871"	0	0	0	1	0	0	0	3	92	0	0	0	0	0	2	0	0	0
"rs78303916"	0	3	0	1	0	1	0	11	81	0	0	0	0	0	0	0	0	1
"rs78336935"	0	0	0	8	0	0	0	2	84	0	0	0	0	0	4	0	0	0
"rs78341190"	0	0	0	24	0	0	1	17	56	0	0	0	0	0	0	0	0	0
"rs78363914"	1	0	0	0	0	0	0	5	84	0	0	0	0	0	8	0	0	0
"rs78364287"	0	0	0	1	0	0	1	25	71	0	0	0	0	0	0	0	0	0
"rs78406522"	0	0	0	21	0	0	0	19	58	0	0	0	0	0	0	0	0	0
"rs78484676"	0	0	0	0	0	0	0	0	43	0	0	0	0	4	51	0	0	0
"rs78597146"	0	0	0	3	0	0	0	4	91	0	0	0	0	0	0	0	0	0
"rs78623360"	1	0	0	37	0	0	0	1	45	0	0	0	0	0	14	0	0	0
"rs78689482"	0	0	1	24	0	0	2	15	56	0	0	0	0	0	0	0	0	0
"rs78755320"	0	0	1	8	0	0	0	0	89	0	0	0	0	0	0	0	0	0
"rs7876109"	0	0	0	5	0	0	0	5	88	0	0	0	0	0	0	0	0	0
"rs7876535"	0	0	0	4	0	0	0	5	89	0	0	0	0	0	0	0	0	0
"rs78794529"	0	0	0	30	0	0	1	16	51	0	0	0	0	0	0	0	0	0
"rs78799109"	1	0	0	0	0	0	0	1	48	0	0	0	0	0	48	0	0	0
"rs7882364"	1	0	0	2	0	0	0	3	92	0	0	0	0	0	0	0	0	0
"rs7883698"	0	0	0	7	0	0	0	8	83	0	0	0	0	0	0	0	0	0
"rs78851614"	0	0	0	4	0	0	0	17	77	0	0	0	0	0	0	0	0	0
"rs78856472"	0	3	0	0	0	0	0	0	76	0	0	0	0	0	19	0	0	0
"rs7889465"	1	0	1	1	0	0	0	3	92	0	0	0	0	0	0	0	0	0
"rs7890743"	0	0	0	5	0	0	0	6	87	0	0	0	0	0	0	0	0	0
"rs78916978"	2	1	0	1	0	0	0	6	60	0	0	0	0	1	27	0	0	0
"rs7892483"	0	0	0	4	0	0	0	5	89	0	0	0	0	0	0	0	0	0
"rs78940222"	11	6	0	0	0	0	0	4	56	0	0	0	0	0	20	0	0	1
"rs7895702"	1	4	0	1	0	0	0	7	61	0	0	0	0	0	23	0	0	1
"rs78982922"	0	5	0	0	0	0	0	4	72	0	0	0	0	0	17	0	0	0
"rs78990955"	1	11	0	0	0	0	0	1	55	0	0	3	2	0	11	0	0	14
"rs79033343"	2	6	0	0	0	0	0	24	43	0	0	0	0	0	19	0	0	4
"rs79034379"	1	3	0	1	0	0	0	1	87	0	0	0	0	0	5	0	0	0
"rs7904197"	2	1	0	1	0	0	0	6	60	0	0	0	0	0	28	0	0	0
"rs79055723"	9	8	0	0	0	0	0	0	41	0	0	1	0	0	26	0	0	13
"rs7913492"	1	8	0	0	0	2	6	8	56	0	0	0	0	1	15	0	0	1
"rs7914898"	0	6	0	2	0	0	1	11	60	0	0	0	0	3	12	3	0	0
"rs7918359"	2	1	0	1	0	0	0	6	60	0	0	0	0	1	27	0	0	0
"rs7918506"	2	1	0	1	0	0	0	6	60	0	0	0	0	0	28	0	0	0
"rs7923365"	1	8	0	0	0	2	6	8	56	0	0	0	0	1	15	0	0	1
"rs7923638"	0	7	0	0	0	2	6	8	56	0	1	0	2	1	15	0	0	0
"rs79285925"	0	0	0	2	0	0	0	12	62	0	0	0	0	1	21	0	0	0
"rs79386812"	0	0	10	24	0	0	1	16	47	0	0	0	0	0	0	0	0	0
"rs79514757"	2	1	0	1	0	0	0	5	45	0	0	0	0	1	43	0	0	0
"rs79572361"	1	1	0	0	0	0	0	0	62	0	0	0	0	0	34	0	0	0
"rs79582653"	0	0	0	21	0	0	0	19	58	0	0	0	0	0	0	0	0	0
"rs79629568"	0	0	0	4	0	0	0	18	76	0	0	0	0	0	0	0	0	0
"rs79652369"	21	11	0	0	0	0	0	1	18	0	0	0	0	0	26	0	0	21
"rs79674221"	0	0	0	21	0	0	0	19	58	0	0	0	0	0	0	0	0	0
"rs79678951"	0	0	0	0	0	0	0	2	25	0	0	0	0	38	31	1	1	0
"rs79714577"	0	1	0	0	0	0	0	0	90	0	0	0	0	0	7	0	0	0
"rs79724082"	0	0	0	19	0	0	0	10	69	0	0	0	0	0	0	0	0	0
"rs79739358"	0	0	0	15	0	0	0	1	82	0	0	0	0	0	0	0	0	0
"rs79757024"	0	0	9	29	0	0	0	9	38	0	0	0	0	1	12	0	0	0
"rs79794803"	0	0	0	15	0	0	0	19	64	0	0	0	0	0	0	0	0	0
"rs79854836"	0	2	0	0	0	0	0	18	74	0	0	0	0	0	3	0	0	1
"rs79900099"	0	0	0	2	0	0	1	21	74	0	0	0	0	0	0	0	0	0
"rs79910194"	0	0	0	0	0	0	2	11	67	0	0	0	0	7	11	0	0	0
"rs79911970"	0	0	0	3	0	0	0	21	74	0	0	0	0	0	0	0	0	0
"rs7991505"	0	0	0	11	0	0	0	0	86	0	0	0	0	0	1	0	0	0
"rs79921241"	0	10	0	0	0	0	0	0	41	0	0	0	0	2	43	0	0	2
"rs79931092"	0	0	1	16	0	0	1	18	62	0	0	0	0	0	0	0	0	0
"rs79969795"	0	0	24	29	0	0	0	1	30	0	0	0	0	2	12	0	0	0
"rs80022133"	0	1	0	2	0	0	0	2	88	0	0	0	0	0	5	0	0	0
"rs80040972"	0	0	0	0	0	0	0	8	58	0	0	0	0	0	32	0	0	0
"rs8006751"	0	1	0	0	0	0	0	1	88	0	0	0	0	0	8	0	0	0
"rs8010372"	0	0	0	6	0	0	0	2	85	0	0	0	0	0	5	0	0	0
"rs80106221"	0	0	0	0	0	0	0	19	76	0	0	0	0	0	3	0	0	0
"rs80107458"	0	0	0	3	0	0	0	19	76	0	0	0	0	0	0	0	0	0
"rs80158882"	0	17	0	0	0	0	0	0	0	0	0	0	0	5	75	1	0	0
"rs8016110"	0	0	0	6	0	0	0	0	91	0	0	0	0	0	1	0	0	0
"rs8017185"	0	3	0	0	0	0	0	0	87	0	0	0	0	0	8	0	0	0
"rs801758"	0	0	0	0	0	0	0	2	74	0	0	0	0	0	22	0	0	0
"rs8018668"	0	0	0	18	0	0	0	2	78	0	0	0	0	0	0	0	0	0
"rs80188799"	0	0	0	0	0	0	0	0	52	0	0	0	0	0	46	0	0	0
"rs80239592"	0	0	0	0	0	0	0	0	80	0	0	0	0	0	18	0	0	0
"rs8024723"	0	0	2	37	0	0	0	2	42	0	0	0	0	1	14	0	0	0
"rs8029251"	3	8	4	27	0	0	0	4	44	0	0	0	0	0	5	0	0	3
"rs80298104"	0	0	0	5	0	0	0	17	76	0	0	0	0	0	0	0	0	0
"rs8030011"	0	2	8	23	0	0	0	1	43	0	0	0	0	7	14	0	0	0
"rs8065816"	0	2	1	1	0	0	0	1	74	0	0	0	0	0	19	0	0	0
"rs8070951"	0	0	0	7	0	0	0	27	58	0	0	0	0	0	6	0	0	0
"rs8072232"	2	16	0	0	0	0	0	0	67	0	0	0	0	0	11	0	0	2
"rs807299"	4	10	0	0	0	0	0	2	72	0	0	1	1	0	2	0	0	6
"rs807302"	0	0	0	2	0	0	0	1	92	0	0	0	0	0	3	0	0	0
"rs807303"	1	0	0	2	0	0	0	3	90	0	0	0	0	0	2	0	0	0
"rs807309"	0	5	0	0	0	0	0	1	91	0	0	0	0	0	1	0	0	0
"rs8073642"	2	3	0	2	0	0	0	24	56	0	0	0	0	0	9	0	0	2
"rs8073989"	2	4	0	2	0	0	0	23	57	0	0	0	0	0	10	0	0	0
"rs8075919"	3	3	24	30	0	0	0	0	26	0	0	0	0	0	7	0	0	5
"rs8081499"	0	0	0	8	0	0	0	27	45	0	0	0	0	0	18	0	0	0
"rs8088893"	0	1	0	0	0	0	2	28	66	0	0	0	0	0	1	0	0	0
"rs809889"	1	9	0	0	0	0	0	1	75	0	0	0	0	0	12	0	0	0
"rs813955"	1	9	0	0	0	0	0	1	75	0	0	0	0	0	12	0	0	0
"rs8178979"	0	0	5	36	0	0	0	0	51	0	0	0	0	2	4	0	0	0
"rs8180744"	0	0	0	2	0	0	0	1	94	0	0	0	0	0	1	0	0	0
"rs877726"	0	0	1	14	0	0	0	2	81	0	0	0	0	0	0	0	0	0
"rs880432"	0	0	2	15	0	0	0	2	79	0	0	0	0	0	0	0	0	0
"rs880433"	0	0	2	15	0	0	0	2	79	0	0	0	0	0	0	0	0	0
"rs881939"	0	0	0	0	0	0	0	11	84	0	0	0	0	0	2	0	0	1
"rs887994"	2	1	0	0	0	0	0	7	88	0	0	0	0	0	0	0	0	0
"rs899152"	16	11	0	0	0	0	0	3	50	0	0	1	0	0	7	0	0	10
"rs908551"	1	10	0	0	0	2	2	10	47	0	0	0	2	0	24	0	0	0
"rs908917"	0	3	2	7	0	0	1	9	73	0	0	0	0	0	3	0	0	0
"rs917183"	0	2	0	0	0	0	1	8	82	0	0	0	0	0	5	0	0	0
"rs917533"	0	15	0	0	0	4	17	25	10	0	0	1	0	0	20	0	4	2
"rs923812"	0	0	3	41	0	0	0	8	46	0	0	0	0	0	0	0	0	0
"rs923813"	0	0	3	41	0	0	0	8	46	0	0	0	0	0	0	0	0	0
"rs927156"	4	25	0	0	0	0	0	0	45	0	0	0	0	0	11	0	0	13
"rs927157"	4	25	0	0	0	0	0	0	45	0	0	0	0	0	11	0	0	13
"rs9285433"	0	0	0	0	0	0	0	3	83	0	0	0	0	0	12	0	0	0
"rs9287779"	0	0	2	4	0	0	0	0	92	0	0	0	0	0	0	0	0	0
"rs9287780"	0	0	0	5	0	0	0	0	93	0	0	0	0	0	0	0	0	0
"rs930195"	0	4	0	0	0	0	10	4	80	0	0	0	0	0	0	0	0	0
"rs930196"	0	1	0	0	0	0	8	6	82	0	0	0	0	0	1	0	0	0
"rs9307282"	0	0	1	5	0	0	0	0	92	0	0	0	0	0	0	0	0	0
"rs9310286"	0	0	0	7	0	0	0	7	83	0	0	0	0	0	1	0	0	0
"rs9310287"	0	1	0	7	0	0	0	9	78	0	0	0	0	0	3	0	0	0
"rs9317834"	0	0	0	11	0	0	0	0	86	0	0	0	0	0	1	0	0	0
"rs9320418"	6	8	0	1	0	0	0	0	78	0	1	0	1	0	0	0	0	3
"rs9320697"	1	7	0	1	0	0	0	1	84	0	0	0	0	0	1	0	0	3
"rs9320698"	2	6	0	0	0	0	0	2	77	0	0	0	0	0	11	0	0	0
"rs9322925"	2	8	0	0	0	0	0	7	73	0	0	4	1	0	2	0	0	1
"rs9342062"	0	0	0	13	0	0	0	0	85	0	0	0	0	0	0	0	0	0
"rs9342068"	0	0	1	44	0	0	0	0	53	0	0	0	0	0	0	0	0	0
"rs9344593"	0	0	16	32	0	0	0	0	50	0	0	0	0	0	0	0	0	0
"rs9351088"	0	0	2	28	0	0	0	0	68	0	0	0	0	0	0	0	0	0
"rs9353386"	0	1	23	32	0	0	1	3	38	0	0	0	0	0	0	0	0	0
"rs9372340"	1	8	0	0	0	0	0	0	84	0	0	0	0	0	4	0	0	1
"rs9372544"	1	6	0	0	0	0	0	1	75	0	0	0	0	0	15	0	0	0
"rs9374809"	1	13	0	0	0	0	0	2	77	0	0	0	0	0	5	0	0	0
"rs9374810"	0	0	0	0	0	0	0	2	79	0	0	0	0	0	17	0	0	0
"rs9376348"	6	1	0	0	0	0	0	11	47	1	0	1	0	0	26	0	0	5
"rs9385080"	2	9	0	0	0	0	0	1	74	0	0	0	0	0	12	0	0	0
"rs9389586"	2	3	0	0	0	0	0	11	46	0	0	0	0	0	32	1	0	3
"rs9389588"	3	6	0	0	0	0	1	13	57	0	0	0	0	1	15	1	0	1
"rs9398517"	0	2	0	1	0	0	0	1	88	0	0	0	0	0	6	0	0	0
"rs9399242"	2	5	0	0	0	0	0	11	50	0	0	0	0	0	29	0	0	1
"rs9402979"	0	4	0	0	0	0	0	14	53	0	0	0	0	0	25	1	0	1
"rs952130"	0	0	0	7	0	0	0	1	85	0	0	0	0	0	5	0	0	0
"rs9522086"	0	0	0	7	0	0	4	35	48	0	0	0	0	0	4	0	0	0
"rs952950"	0	0	0	0	0	0	0	2	91	0	0	0	0	0	5	0	0	0
"rs9529586"	0	0	16	28	0	0	0	0	54	0	0	0	0	0	0	0	0	0
"rs9529604"	0	1	0	10	0	0	0	1	85	0	0	0	0	0	1	0	0	0
"rs9529605"	0	0	0	12	0	0	0	1	84	0	0	0	0	0	1	0	0	0
"rs9529606"	0	1	1	22	0	0	0	1	73	0	0	0	0	0	0	0	0	0
"rs9529607"	0	0	0	23	0	0	0	1	73	0	0	0	0	0	1	0	0	0
"rs9529608"	0	0	0	22	0	0	0	1	74	0	0	0	0	0	1	0	0	0
"rs9529610"	0	0	0	9	0	0	0	1	88	0	0	0	0	0	0	0	0	0
"rs9529612"	0	0	0	10	0	0	0	1	87	0	0	0	0	0	0	0	0	0
"rs9529613"	0	0	0	10	0	0	0	1	87	0	0	0	0	0	0	0	0	0
"rs9529614"	0	0	0	19	0	0	0	0	78	0	0	0	0	0	1	0	0	0
"rs9529617"	0	0	0	10	0	0	0	1	86	1	0	0	0	0	0	0	0	0
"rs9529618"	1	4	0	11	0	0	0	1	78	0	1	0	0	0	0	0	0	2
"rs9529624"	0	1	0	14	0	0	0	0	82	0	0	0	0	0	1	0	0	0
"rs9529627"	0	0	0	11	0	0	0	1	86	0	0	0	0	0	0	0	0	0
"rs9529628"	0	0	0	12	0	0	0	1	85	0	0	0	0	0	0	0	0	0
"rs9529630"	0	0	0	16	0	0	0	2	80	0	0	0	0	0	0	0	0	0
"rs9529632"	0	0	0	14	0	0	0	2	82	0	0	0	0	0	0	0	0	0
"rs9529635"	0	1	10	13	0	0	1	3	70	0	0	0	0	0	0	0	0	0
"rs9529638"	0	0	0	12	0	0	0	0	86	0	0	0	0	0	0	0	0	0
"rs9529644"	0	0	0	10	0	0	0	0	88	0	0	0	0	0	0	0	0	0
"rs9529645"	0	0	0	13	0	0	0	0	85	0	0	0	0	0	0	0	0	0
"rs9541982"	0	0	0	12	0	0	0	1	82	0	0	0	0	0	3	0	0	0
"rs9541983"	1	1	0	13	0	0	0	2	80	0	0	0	0	0	1	0	0	0
"rs9541984"	0	0	0	14	0	0	0	1	82	0	0	0	0	0	0	0	0	1
"rs9541987"	0	0	4	22	0	0	0	1	70	0	0	0	0	0	1	0	0	0
"rs9541988"	0	0	0	21	0	0	0	1	75	0	0	0	0	0	1	0	0	0
"rs9541995"	1	1	0	16	0	0	0	1	79	0	0	0	0	0	0	0	0	0
"rs9541998"	0	0	0	12	0	0	0	1	85	0	0	0	0	0	0	0	0	0
"rs9541999"	0	0	0	10	0	0	1	0	87	0	0	0	0	0	0	0	0	0
"rs9542001"	0	0	0	10	0	0	0	1	87	0	0	0	0	0	0	0	0	0
"rs9542003"	0	0	0	9	0	0	0	1	88	0	0	0	0	0	0	0	0	0
"rs9542004"	0	0	0	8	0	0	0	1	89	0	0	0	0	0	0	0	0	0
"rs9542007"	0	0	0	36	0	0	0	3	59	0	0	0	0	0	0	0	0	0
"rs9542009"	0	0	3	58	0	0	0	1	36	0	0	0	0	0	0	0	0	0
"rs9542011"	0	0	0	25	0	0	0	1	72	0	0	0	0	0	0	0	0	0
"rs9542012"	0	0	0	12	0	0	0	1	85	0	0	0	0	0	0	0	0	0
"rs9542013"	0	0	0	10	0	0	0	1	87	0	0	0	0	0	0	0	0	0
"rs9542014"	0	0	0	17	0	0	0	0	81	0	0	0	0	0	0	0	0	0
"rs9542015"	0	0	5	49	0	0	0	0	44	0	0	0	0	0	0	0	0	0
"rs9542018"	0	0	1	40	0	0	0	0	57	0	0	0	0	0	0	0	0	0
"rs9542021"	0	0	0	9	0	0	0	0	89	0	0	0	0	0	0	0	0	0
"rs9542022"	0	0	0	12	0	0	0	1	85	0	0	0	0	0	0	0	0	0
"rs9542026"	0	0	0	10	0	0	0	1	82	0	0	0	0	0	5	0	0	0
"rs9542027"	0	0	0	11	0	0	0	1	86	0	0	0	0	0	0	0	0	0
"rs9542032"	0	0	0	7	0	0	0	1	90	0	0	0	0	0	0	0	0	0
"rs9542033"	0	0	0	7	0	0	0	1	90	0	0	0	0	0	0	0	0	0
"rs9542036"	0	0	0	10	0	0	0	1	86	0	0	0	0	0	1	0	0	0
"rs9542038"	0	0	0	11	0	0	0	0	86	0	0	0	0	0	1	0	0	0
"rs9542042"	0	0	0	13	0	0	0	1	82	0	0	0	0	0	2	0	0	0
"rs9542043"	0	0	0	13	0	0	0	1	82	0	0	0	0	0	2	0	0	0
"rs9542046"	0	0	0	10	0	0	0	1	87	0	0	0	0	0	0	0	0	0
"rs9542051"	0	0	0	11	0	0	0	1	86	0	0	0	0	0	0	0	0	0
"rs9542054"	0	0	0	13	0	0	0	1	84	0	0	0	0	0	0	0	0	0
"rs9542055"	0	0	0	13	0	0	0	1	84	0	0	0	0	0	0	0	0	0
"rs9542058"	0	0	0	16	0	0	0	1	81	0	0	0	0	0	0	0	0	0
"rs9542059"	0	0	0	16	0	0	0	2	80	0	0	0	0	0	0	0	0	0
"rs9542061"	0	0	0	16	0	0	0	2	80	0	0	0	0	0	0	0	0	0
"rs9542063"	0	0	0	16	0	0	0	2	80	0	0	0	0	0	0	0	0	0
"rs9542064"	0	0	0	16	0	0	0	2	80	0	0	0	0	0	0	0	0	0
"rs9542065"	0	0	0	16	0	0	0	2	80	0	0	0	0	0	0	0	0	0
"rs9542066"	0	0	0	16	0	0	0	2	80	0	0	0	0	0	0	0	0	0
"rs9542067"	0	0	0	16	0	0	0	2	80	0	0	0	0	0	0	0	0	0
"rs9542069"	0	0	4	18	0	0	0	4	71	0	0	0	0	0	1	0	0	0
"rs9542071"	0	0	0	9	0	0	0	0	89	0	0	0	0	0	0	0	0	0
"rs9542072"	0	0	0	10	0	0	0	0	88	0	0	0	0	0	0	0	0	0
"rs9542084"	0	0	0	29	0	0	0	1	68	0	0	0	0	0	0	0	0	0
"rs9542086"	0	0	0	12	0	0	0	0	86	0	0	0	0	0	0	0	0	0
"rs9542091"	0	0	0	14	0	0	0	0	84	0	0	0	0	0	0	0	0	0
"rs9542092"	0	0	0	14	0	0	0	0	84	0	0	0	0	0	0	0	0	0
"rs9542095"	0	4	0	10	0	0	0	0	84	0	0	0	0	0	0	0	0	0
"rs9542096"	0	0	0	13	0	0	0	0	83	0	0	0	0	0	2	0	0	0
"rs9542102"	0	0	0	7	0	0	0	0	90	0	0	0	0	0	1	0	0	0
"rs954901"	3	0	0	0	0	0	0	4	64	0	0	0	0	4	23	0	0	0
"rs955475"	0	1	0	3	0	0	0	4	89	0	0	0	0	0	1	0	0	0
"rs9555752"	0	0	0	1	0	0	2	23	63	0	0	0	0	0	9	0	0	0
"rs9555756"	0	4	0	2	0	0	0	25	54	0	0	0	0	0	13	0	0	0
"rs9559925"	0	0	0	1	0	0	2	23	63	0	0	0	0	0	9	0	0	0
"rs9559926"	0	0	0	9	0	0	0	20	66	0	0	0	0	0	3	0	0	0
"rs9559929"	0	0	60	21	0	1	1	8	7	0	0	0	0	0	0	0	0	0
"rs9559930"	0	0	63	20	0	1	1	6	7	0	0	0	0	0	0	0	0	0
"rs9559931"	0	0	62	21	0	1	1	6	7	0	0	0	0	0	0	0	0	0
"rs9559932"	0	0	62	21	0	1	1	6	7	0	0	0	0	0	0	0	0	0
"rs9559933"	0	0	18	54	0	0	0	13	13	0	0	0	0	0	0	0	0	0
"rs9559934"	0	0	5	45	0	0	1	17	30	0	0	0	0	0	0	0	0	0
"rs9559935"	0	0	0	26	0	0	1	21	50	0	0	0	0	0	0	0	0	0
"rs9559937"	0	0	0	3	0	0	0	29	66	0	0	0	0	0	0	0	0	0
"rs9559946"	2	2	1	4	0	0	0	26	46	0	0	0	0	0	15	0	0	2
"rs9559947"	0	0	0	0	0	0	0	30	66	0	0	0	0	0	2	0	0	0
"rs9559965"	1	5	1	2	0	0	1	44	38	0	0	0	0	0	6	0	0	0
"rs9572248"	0	0	0	11	0	0	0	1	86	0	0	0	0	0	0	0	0	0
"rs9599524"	0	0	0	27	0	0	0	4	67	0	0	0	0	0	0	0	0	0
"rs961616"	0	0	0	4	0	0	0	0	94	0	0	0	0	0	0	0	0	0
"rs9633163"	0	0	1	12	0	0	0	2	83	0	0	0	0	0	0	0	0	0
"rs9633164"	0	0	1	12	0	0	0	2	83	0	0	0	0	0	0	0	0	0
"rs9633165"	0	0	1	11	0	0	0	3	83	0	0	0	0	0	0	0	0	0
"rs9633628"	1	2	0	2	0	0	0	9	56	0	0	0	0	1	27	0	0	0
"rs9633649"	1	2	0	2	0	0	0	9	56	0	0	0	0	1	27	0	0	0
"rs9637488"	0	0	0	10	0	0	0	0	31	0	0	0	0	1	56	0	0	0
"rs9648486"	0	1	0	10	0	0	0	3	84	0	0	0	0	0	0	0	0	0
"rs9675172"	1	18	0	0	0	0	0	0	27	0	0	0	0	21	21	7	1	2
"rs9679395"	0	0	0	0	0	0	0	0	1	0	0	0	0	79	12	6	0	0
"rs9690724"	0	0	0	1	0	0	0	0	91	0	0	0	1	0	3	0	0	2
"rs9698013"	0	0	0	8	0	0	0	12	78	0	0	0	0	0	0	0	0	0
"rs9707758"	0	0	1	15	0	0	0	0	82	0	0	0	0	0	0	0	0	0
"rs9713818"	0	0	0	1	0	0	0	0	31	0	0	0	0	0	66	0	0	0
"rs9718577"	1	1	0	0	0	0	0	1	86	0	0	0	0	0	9	0	0	0
"rs9723555"	0	0	0	9	0	0	0	13	76	0	0	0	0	0	0	0	0	0
"rs9779527"	0	0	0	8	0	0	0	14	76	0	0	0	0	0	0	0	0	0
"rs9782425"	0	0	0	8	0	0	0	14	76	0	0	0	0	0	0	0	0	0
"rs9792495"	0	0	11	12	0	0	0	5	48	0	0	0	0	14	8	0	0	0
"rs9792576"	0	0	11	12	0	0	0	5	48	0	0	0	0	14	8	0	0	0
"rs9796397"	0	2	0	0	0	0	0	1	88	0	0	0	0	0	7	0	0	0
"rs9805964"	2	6	0	0	0	0	16	38	34	0	0	0	1	0	1	0	0	0
"rs9810855"	21	17	0	0	0	0	0	1	18	0	0	1	0	0	36	0	0	4
"rs9811003"	17	14	0	0	0	0	0	1	18	0	0	1	0	0	41	0	0	6
"rs981250"	1	3	0	2	0	0	1	26	61	0	0	0	0	0	4	0	0	0
"rs9816431"	0	1	0	3	0	0	0	1	92	0	0	0	0	0	1	0	0	0
"rs9823145"	0	0	0	5	0	0	0	1	91	0	0	0	0	0	1	0	0	0
"rs984068"	0	0	0	1	0	0	1	17	55	0	0	0	0	5	19	0	0	0
"rs9846928"	0	0	0	14	0	0	0	6	77	0	0	0	0	0	1	0	0	0
"rs9851061"	0	1	0	7	0	0	0	5	85	0	0	0	0	0	0	0	0	0
"rs9868086"	14	22	0	0	0	0	0	1	18	0	0	0	0	0	27	0	0	16
"rs9900584"	3	1	0	0	0	0	0	3	23	0	0	0	0	9	59	0	0	0
"rs9903750"	1	5	0	0	0	0	0	2	62	0	0	0	0	0	27	0	0	1
"rs9906323"	1	5	0	5	0	0	0	26	47	0	0	0	0	0	14	0	0	0
"rs9907397"	0	4	0	0	0	0	0	3	13	0	0	0	0	23	54	1	0	0
"rs9910106"	0	0	0	0	0	1	0	3	23	0	0	0	0	9	59	3	0	0
"rs9912230"	0	0	0	0	0	0	5	46	44	0	0	0	0	0	3	0	0	0
"rs9913946"	0	0	0	0	0	0	20	57	17	0	0	0	0	0	4	0	0	0
"rs992885"	0	0	0	0	0	0	2	15	57	0	0	0	0	2	22	0	0	0
"rs9944503"	0	1	1	9	0	0	0	27	56	0	0	0	0	0	4	0	0	0
"rs9949316"	0	0	0	18	0	0	0	19	61	0	0	0	0	0	0	0	0	0
"rs9951485"	0	0	0	13	0	0	0	19	66	0	0	0	0	0	0	0	0	0
"rs9954947"	0	0	0	2	0	0	0	4	26	0	0	0	0	12	54	0	0	0
"rs9959881"	0	0	0	0	0	0	10	26	62	0	0	0	0	0	0	0	0	0
"rs9967362"	1	0	43	20	0	0	1	4	24	0	0	0	0	0	5	0	0	0
"rs9972259"	0	0	0	3	0	0	0	0	95	0	0	0	0	0	0	0	0	0
"rs9974083"	0	0	1	15	0	0	0	6	69	0	0	0	0	1	6	0	0	0
